POLY 0.0 0.030 0.030 0.090 0.000 1.00 1.00 1.00 1.0
POLY 22.5 0.033 0.033 0.105 0.043 1.00 0.90 0.90 1.0
POLY 45.0 0.036 0.037 0.097 0.097 1.00 0.81 0.81 1.0
POLY 67.5 0.040 0.041 0.061 0.148 1.00 0.73 0.73 1.0
POLY 90.0 0.044 0.045 0.000 0.184 1.00 0.66 0.66 1.0
POLY 112.5 0.048 0.050 -0.080 0.192 1.00 0.59 0.59 1.0
POLY 135.0 0.053 0.056 -0.164 0.164 1.00 0.53 0.53 1.0
POLY 157.5 0.058 0.062 -0.236 0.098 1.00 0.48 0.48 1.0
POLY 180.0 0.064 0.069 -0.278 0.000 1.00 0.43 0.43 1.0
POLY 202.5 0.071 0.076 -0.279 -0.116 1.00 0.39 0.39 1.0
POLY 225.0 0.078 0.084 -0.230 -0.230 1.00 0.35 0.35 1.0
POLY 247.5 0.086 0.094 -0.134 -0.323 1.00 0.31 0.31 1.0
POLY 270.0 0.094 0.104 -0.000 -0.373 1.00 0.28 0.28 1.0
POLY 292.5 0.104 0.115 0.152 -0.366 1.00 0.25 0.25 1.0
POLY 315.0 0.114 0.128 0.297 -0.297 1.00 0.23 0.23 1.0
POLY 337.5 0.125 0.142 0.410 -0.170 1.00 0.21 0.21 1.0
POLY 0.0 0.138 0.157 0.467 0.000 1.00 0.19 0.19 1.0
POLY 22.5 0.152 0.174 0.453 0.188 1.00 0.17 0.17 1.0
POLY 45.0 0.167 0.193 0.364 0.364 1.00 0.15 0.15 1.0
POLY 67.5 0.183 0.214 0.206 0.497 1.00 0.14 0.14 1.0
POLY 90.0 0.202 0.238 -0.000 0.561 1.00 0.12 0.12 1.0
POLY 112.5 0.222 0.263 -0.224 0.540 1.00 0.11 0.11 1.0
POLY 135.0 0.244 0.292 -0.430 0.430 1.00 0.10 0.10 1.0
POLY 157.5 0.269 0.324 -0.584 0.242 1.00 0.09 0.09 1.0
POLY 180.0 0.295 0.359 -0.655 -0.000 1.00 0.08 0.08 1.0
POLY 202.5 0.325 0.398 -0.627 -0.260 1.00 0.07 0.07 1.0
POLY 225.0 0.358 0.442 -0.497 -0.497 1.00 0.06 0.06 1.0
POLY 247.5 0.393 0.490 -0.278 -0.671 1.00 0.06 0.06 1.0
POLY 270.0 0.433 0.544 0.000 -0.750 1.00 0.05 0.05 1.0
