0.0 0.5 0.8 1.0
1611
0  0.000000  0.000000 0.000000
1 -0.000170 -0.023970 0.030620
2 -0.000170 -0.037610 0.030090
3 -0.000170 -0.047760 0.025020
4 -0.000170 -0.470450 0.000520
5 -0.000170 -0.470450 0.008750
6 -0.000170 -0.470450 0.016970
7 -0.000170 -0.470970 -0.012420
8 -0.000170 -0.616530 0.111090
9 -0.000170 -0.685110 -0.021870
10 -0.000170 0.037260 0.027990
11 -0.000350 -0.508930 -0.036040
12 -0.000520 -0.539900 -0.048990
13 -0.000520 -0.595540 0.074880
14 -0.000520 -0.600080 0.097970
15 -0.000520 -0.664470 -0.043210
16 -0.000700 -0.591860 -0.057210
17 -0.000700 -0.629830 -0.054930
18 -0.001400 -0.110220 -0.005950
19 -0.001920 -0.110220 -0.005950
20 -0.002100 -0.370720 0.021170
21 -0.002100 0.033070 0.064910
22 -0.002270 -0.695430 0.022040
23 -0.002450 -0.370720 0.005070
24 -0.002620 -0.695430 0.003850
25 -0.002970 -0.109870 -0.005770
26 -0.003320 -0.426010 0.024490
27 -0.003670 -0.426010 0.000520
28 -0.004550 -0.370720 0.020470
29 -0.004720 -0.370720 0.005600
30 -0.004900 -0.695430 0.021520
31 -0.005250 0.037260 0.027990
32 -0.005420 -0.049340 0.024140
33 -0.005420 -0.695430 0.004550
34 -0.005420 -0.705580 0.000000
35 -0.005770 -0.649600 -0.019070
36 -0.005770 -0.699280 -0.019070
37 -0.005950 -0.649600 0.000000
38 -0.005950 -0.705580 0.000000
39 -0.006120 -0.697530 -0.024320
40 -0.006120 0.033240 0.064730
41 -0.006470 -0.370720 0.019940
42 -0.006470 -0.470970 0.034120
43 -0.006650 -0.471320 0.062980
44 -0.006650 -0.699630 -0.018020
45 -0.006650 0.046540 -0.008750
46 -0.006650 0.047590 -0.014870
47 -0.006650 0.053190 -0.045660
48 -0.006820 -0.026420 -0.011900
49 -0.006820 -0.426010 0.023970
50 -0.007000 -0.370720 0.006470
51 -0.007000 -0.426010 0.001220
52 -0.007000 -0.470970 -0.012070
53 -0.007350 -0.485670 0.034990
54 -0.007520 -0.026590 -0.011720
55 -0.007520 -0.695430 0.020820
56 -0.007520 -0.704880 -0.001750
57 -0.007700 -0.695430 0.005600
58 -0.008050 -0.609530 0.124220
59 -0.008220 -0.470450 0.001570
60 -0.008220 -0.581540 0.124220
61 -0.008400 -0.470450 0.015920
62 -0.008570 -0.027290 0.029220
63 -0.008570 -0.370720 0.019240
64 -0.008570 -0.649600 -0.023970
65 -0.008570 -0.697710 -0.023970
66 -0.008750 -0.370720 0.007700
67 -0.008750 -0.649600 0.004720
68 -0.008750 -0.706980 0.004720
69 -0.008920 -0.684940 0.040940
70 -0.009100 -0.027290 -0.011550
71 -0.009100 -0.706980 0.004200
72 -0.009100 0.037260 -0.010150
73 -0.009100 0.037260 -0.013820
74 -0.009100 0.042860 -0.037960
75 -0.009100 0.056330 -0.010150
76 -0.009450 -0.020990 0.029390
77 -0.009450 -0.027640 0.029220
78 -0.009450 0.037260 0.027990
79 -0.009450 0.037260 0.031490
80 -0.009450 0.042860 0.055630
81 -0.009450 0.056330 0.027990
82 -0.009620 -0.695430 0.019770
83 -0.009800 -0.685110 -0.021170
84 -0.009970 -0.426010 0.023090
85 -0.009970 -0.695430 0.006820
86 -0.010150 -0.370720 0.009100
87 -0.010150 -0.370720 0.018020
88 -0.010150 -0.426010 0.002620
89 -0.010150 -0.703830 -0.005070
90 -0.010670 -0.649600 -0.013300
91 -0.010670 -0.701210 -0.013300
92 -0.010670 -0.701380 -0.012070
93 -0.010850 -0.649600 -0.005770
94 -0.010850 -0.703660 -0.005770
95 -0.011200 -0.370720 0.016970
96 -0.011370 -0.560900 0.062980
97 -0.011370 -0.695430 0.018370
98 -0.011370 -0.706110 0.001750
99 -0.011550 -0.370720 0.010850
100 -0.011550 -0.560720 0.034990
101 -0.011550 -0.560720 0.062980
102 -0.011550 -0.562650 0.034990
103 -0.011550 -0.616360 0.074880
104 -0.011550 -0.616360 0.107770
105 -0.011720 -0.695430 0.008570
106 -0.012070 -0.370720 0.012600
107 -0.012070 -0.370720 0.015570
108 -0.012070 -0.573670 0.077150
109 -0.012070 -0.575070 0.074880
110 -0.012070 -0.575070 0.107770
111 -0.012250 -0.370720 0.014170
112 -0.012420 -0.508930 0.051440
113 -0.012600 -0.041110 0.028170
114 -0.012600 -0.695430 0.017320
115 -0.012950 -0.426010 0.021690
116 -0.012950 -0.695430 0.010150
117 -0.013120 -0.051440 0.023090
118 -0.013120 -0.426010 0.004370
119 -0.013300 -0.470970 0.033070
120 -0.013470 -0.508930 -0.034990
121 -0.013650 -0.695430 0.012420
122 -0.013650 -0.695430 0.015750
123 -0.013820 -0.470970 -0.010500
124 -0.013820 -0.695430 0.014170
125 -0.014000 -0.603580 0.124220
126 -0.014170 -0.587490 0.124220
127 -0.014170 -0.664290 0.056680
128 -0.014350 -0.470450 0.004550
129 -0.014520 -0.470450 0.012770
130 -0.014700 -0.699810 -0.016800
131 -0.015050 -0.106900 -0.004370
132 -0.015220 -0.470800 0.062980
133 -0.015400 -0.426010 0.020120
134 -0.015400 -0.664470 -0.041990
135 -0.015570 -0.426010 0.006650
136 -0.015750 -0.539900 0.061060
137 -0.015920 -0.105850 -0.003850
138 -0.015920 -0.649600 -0.015220
139 -0.015920 -0.700510 -0.015220
140 -0.016100 -0.649600 -0.003850
141 -0.016100 -0.703830 -0.005250
142 -0.016100 -0.704180 -0.003850
143 -0.016270 -0.052660 0.022570
144 -0.016270 -0.595540 0.124220
145 -0.016450 -0.651700 0.034990
146 -0.016620 -0.052490 0.022570
147 -0.016620 -0.113370 -0.007520
148 -0.016620 -0.470450 0.008750
149 -0.017150 -0.426010 0.018190
150 -0.017150 -0.539900 -0.047760
151 -0.017150 -0.629650 0.065430
152 -0.017320 -0.426010 0.009100
153 -0.017320 -0.664470 0.048990
154 -0.017670 -0.591690 0.067180
155 -0.018020 -0.484970 0.034990
156 -0.018020 -0.684940 0.039540
157 -0.018190 -0.103750 -0.002800
158 -0.018190 -0.113020 -0.007350
159 -0.018190 -0.426010 0.011720
160 -0.018190 -0.426010 0.016270
161 -0.018370 -0.426010 0.014170
162 -0.018720 -0.629830 -0.053540
163 -0.018890 -0.685110 -0.019070
164 -0.019420 -0.591860 -0.055810
165 -0.019420 -0.701210 0.048990
166 -0.019420 -0.701210 0.077150
167 -0.019590 -0.470970 0.031140
168 -0.019770 -0.055980 0.020820
169 -0.019770 -0.102350 -0.002100
170 -0.019940 -0.055980 0.020820
171 -0.020120 -0.470970 -0.007870
172 -0.020290 -0.056330 0.020470
173 -0.020290 -0.607610 0.074880
174 -0.020290 -0.607610 0.107770
175 -0.020470 -0.583810 0.074880
176 -0.020470 -0.583810 0.107770
177 -0.021170 -0.432660 0.014170
178 -0.021520 -0.043740 0.026940
179 -0.021690 -0.057910 0.019940
180 -0.021870 -0.058080 0.019770
181 -0.022570 -0.692630 0.014350
182 -0.023270 -0.661140 0.111090
183 -0.023440 -0.059830 0.018890
184 -0.023620 -0.060010 0.018890
185 -0.023620 -0.595710 0.074880
186 -0.023620 -0.595710 0.107770
187 -0.023790 -0.469400 0.062980
188 -0.023790 0.037260 -0.012070
189 -0.024140 -0.619850 0.111090
190 -0.024490 0.037260 0.029390
191 -0.025020 -0.470970 0.028690
192 -0.025020 -0.508930 0.049340
193 -0.025540 -0.062110 0.017850
194 -0.025540 -0.470970 -0.004550
195 -0.025720 -0.062280 0.017670
196 -0.026070 -0.491440 0.014350
197 -0.026070 -0.491610 0.014350
198 -0.026240 -0.508930 -0.032020
199 -0.026590 -0.096050 0.000870
200 -0.026590 -0.684940 0.036910
201 -0.026940 -0.094820 0.001570
202 -0.027120 -0.685110 -0.015750
203 -0.027470 -0.050560 0.023620
204 -0.027470 -0.064210 0.016800
205 -0.027990 -0.064730 0.016620
206 -0.028340 -0.066660 0.015570
207 -0.028340 -0.466070 0.014350
208 -0.028340 -0.466420 0.014350
209 -0.028340 -0.483220 0.034990
210 -0.028690 -0.664290 0.054240
211 -0.029040 -0.052310 0.022740
212 -0.029040 0.052310 -0.045660
213 -0.029220 0.032720 0.063680
214 -0.029570 -0.086430 0.005770
215 -0.029740 -0.470970 0.025540
216 -0.029920 -0.664470 -0.038660
217 -0.030090 -0.470970 -0.000350
218 -0.030270 -0.075400 0.011200
219 -0.030440 -0.102170 -0.001920
220 -0.030970 -0.081700 0.008050
221 -0.030970 -0.460120 0.014350
222 -0.031140 -0.079600 0.009100
223 -0.031490 -0.080480 0.008750
224 -0.031490 -0.539900 0.058430
225 -0.032020 -0.467470 0.062980
226 -0.032020 -0.559500 0.062980
227 -0.032370 -0.559150 0.034990
228 -0.032370 -0.559150 0.062980
229 -0.032370 -0.561070 0.034990
230 -0.032890 -0.470970 0.022040
231 -0.033070 -0.099900 -0.000870
232 -0.033070 -0.539900 -0.044090
233 -0.033240 -0.470970 0.004200
234 -0.033940 -0.684940 0.033590
235 -0.034470 -0.572090 0.077150
236 -0.034470 -0.629650 0.062460
237 -0.034640 -0.685110 -0.011200
238 -0.035170 -0.470970 0.009100
239 -0.035170 -0.470970 0.018190
240 -0.035870 -0.060180 0.018720
241 -0.035870 -0.470970 0.014350
242 -0.035870 -0.591690 0.064210
243 -0.036040 -0.629830 -0.049510
244 -0.036740 -0.508930 0.045840
245 -0.037260 -0.591860 -0.051610
246 -0.037610 -0.068760 0.014520
247 -0.037790 -0.086080 0.005770
248 -0.037790 -0.508930 -0.027290
249 -0.038310 0.037260 0.004200
250 -0.038310 0.037260 0.006300
251 -0.038310 0.037260 0.008750
252 -0.038310 0.037260 0.013300
253 -0.038310 0.056330 0.004200
254 -0.038310 0.056330 0.013300
255 -0.038660 -0.480770 0.034990
256 -0.039540 -0.080480 0.008570
257 -0.039710 -0.675140 0.097970
258 -0.040060 -0.684940 0.029570
259 -0.040590 -0.685110 -0.005600
260 -0.040760 -0.027120 0.013300
261 -0.040760 -0.605510 0.097970
262 -0.040760 -0.652400 0.111090
263 -0.040940 -0.027120 0.004200
264 -0.041110 -0.026590 0.004720
265 -0.041290 -0.628600 0.111090
266 -0.041640 -0.026240 0.012070
267 -0.041640 0.037260 -0.003320
268 -0.041990 0.037260 0.020290
269 -0.042160 -0.008570 0.013300
270 -0.042160 -0.664290 0.050390
271 -0.043040 -0.664470 -0.033240
272 -0.043740 -0.023620 0.008570
273 -0.043910 -0.679160 0.074880
274 -0.044610 -0.684940 0.024840
275 -0.044960 -0.685110 0.000520
276 -0.045310 -0.601660 0.074880
277 -0.045660 0.037260 0.004200
278 -0.045660 0.037260 0.013300
279 -0.046360 -0.539900 0.054060
280 -0.046540 0.208890 0.081530
281 -0.047060 -0.508930 0.041110
282 -0.047060 -0.685110 0.014350
283 -0.047410 -0.539900 -0.038140
284 -0.047410 -0.640500 0.111090
285 -0.047410 -0.684940 0.019590
286 -0.047590 -0.685110 0.007520
287 -0.047940 -0.508930 -0.020990
288 -0.048290 -0.684940 0.014350
289 -0.048460 -0.685110 0.014350
290 -0.049340 -0.649420 0.034990
291 -0.050560 -0.629650 0.057730
292 -0.050560 0.495460 -0.045660
293 -0.051960 -0.629830 -0.042860
294 -0.051960 -0.662020 0.048990
295 -0.052310 -0.556350 0.062980
296 -0.052310 -0.591690 0.059130
297 -0.052660 -0.556000 0.034990
298 -0.052660 -0.556000 0.062980
299 -0.052660 -0.557920 0.034990
300 -0.053710 -0.591860 -0.044960
301 -0.053710 -0.664290 0.045140
302 -0.054060 -0.496860 0.014350
303 -0.054240 -0.496860 0.014350
304 -0.054760 -0.664470 -0.025890
305 -0.055630 -0.508930 0.035520
306 -0.055630 0.208720 0.081530
307 -0.056330 -0.508930 -0.013300
308 -0.056330 -0.568590 0.077150
309 -0.056860 -0.530280 0.014350
310 -0.057030 -0.530800 0.014350
311 -0.057030 0.437900 0.035870
312 -0.057210 0.437900 0.093600
313 -0.058260 -0.516460 0.014350
314 -0.058960 -0.698230 0.048990
315 -0.058960 -0.698230 0.077150
316 -0.059130 -0.499140 0.014520
317 -0.059130 -0.539900 0.048110
318 -0.059480 -0.499490 0.014520
319 -0.059480 -0.499660 0.014520
320 -0.060360 -0.539900 -0.030090
321 -0.061930 -0.508930 0.029040
322 -0.062460 -0.508930 -0.004550
323 -0.063510 -0.664290 0.038490
324 -0.064030 -0.664470 -0.017150
325 -0.064730 -0.629650 0.051260
326 -0.065780 -0.629830 -0.034120
327 -0.065960 -0.508930 0.021870
328 -0.066130 -0.508930 0.004900
329 -0.066310 0.495460 0.032370
330 -0.066830 -0.591690 0.052490
331 -0.067010 -0.508590 0.014520
332 -0.067180 -0.508760 0.014520
333 -0.067180 -0.508930 0.014520
334 -0.067360 -0.508930 0.014520
335 -0.068230 -0.591860 -0.035870
336 -0.069280 -0.660440 0.097970
337 -0.069810 -0.539900 0.040760
338 -0.069980 -0.620550 0.097970
339 -0.070680 -0.539900 -0.020290
340 -0.070680 -0.664290 0.031140
341 -0.071210 -0.664470 -0.007170
342 -0.071910 -0.551620 0.062980
343 -0.071910 0.050740 -0.045660
344 -0.072610 -0.551270 0.034990
345 -0.072610 -0.551270 0.062980
346 -0.072610 -0.553200 0.034990
347 -0.074000 0.044090 -0.008750
348 -0.075050 -0.664290 0.022920
349 -0.075400 -0.664470 0.003500
350 -0.075580 0.233560 0.093600
351 -0.076100 -0.664640 0.014700
352 -0.076280 -0.629650 0.043560
353 -0.076280 0.437900 0.093600
354 -0.076630 -0.664120 0.014700
355 -0.076630 -0.664290 0.014700
356 -0.076630 -0.664470 0.014700
357 -0.076630 0.172330 0.035870
358 -0.076630 0.190000 0.058260
359 -0.076630 0.208540 0.081530
360 -0.076630 0.212390 0.035870
361 -0.076630 0.218860 0.035870
362 -0.077150 -0.663070 0.074880
363 -0.077330 -0.563520 0.077150
364 -0.077330 -0.629830 -0.023620
365 -0.077680 -0.539900 0.032720
366 -0.077680 0.045140 -0.014700
367 -0.077680 0.437900 0.093070
368 -0.078030 -0.618280 0.074880
369 -0.078030 0.437900 0.093070
370 -0.078380 -0.539900 -0.009100
371 -0.078380 0.244760 0.121070
372 -0.078900 -0.591690 0.044440
373 -0.078900 0.484270 0.119840
374 -0.079950 -0.591860 -0.024840
375 -0.080300 -0.640670 0.097970
376 -0.081700 -0.644170 0.034990
377 -0.081700 0.484270 0.122290
378 -0.082750 -0.539900 0.023790
379 -0.083100 -0.539900 0.002450
380 -0.084330 -0.539730 0.014700
381 -0.084500 -0.539900 0.014520
382 -0.084500 -0.539900 0.014700
383 -0.084500 -0.540430 0.014700
384 -0.085030 -0.629650 0.034470
385 -0.085550 -0.629830 -0.011550
386 -0.085730 -0.656590 0.048990
387 -0.087830 0.214840 0.089750
388 -0.088000 -0.591690 0.035170
389 -0.088530 -0.591860 -0.012420
390 -0.088880 0.437900 0.089750
391 -0.089400 -0.640670 0.074880
392 -0.090100 0.239330 0.131740
393 -0.090450 -0.629650 0.024670
394 -0.090800 -0.545320 0.062980
395 -0.090800 -0.629830 0.001220
396 -0.090800 0.484270 0.130340
397 -0.091850 -0.546720 0.034990
398 -0.092020 0.484270 0.095350
399 -0.092200 -0.630180 0.014700
400 -0.092370 -0.629650 0.014700
401 -0.092370 -0.629830 0.014700
402 -0.092900 0.290770 0.093600
403 -0.093070 0.437900 0.081700
404 -0.093420 0.484270 0.092550
405 -0.093600 -0.591690 0.025020
406 -0.093600 0.042860 0.004200
407 -0.093600 0.042860 0.013300
408 -0.093950 -0.591860 0.001050
409 -0.094650 0.484270 0.131210
410 -0.095520 -0.591510 0.014700
411 -0.095520 -0.591690 0.014700
412 -0.095520 -0.591860 0.014700
413 -0.095520 -0.592040 0.014700
414 -0.096750 0.050040 -0.045660
415 -0.097620 -0.692280 0.048990
416 -0.097620 -0.692280 0.077150
417 -0.098150 -0.556700 0.077150
418 -0.101470 0.484270 0.092370
419 -0.101820 0.297070 0.093420
420 -0.102350 0.484270 0.092370
421 -0.104270 0.303370 0.088530
422 -0.104270 0.305120 0.088530
423 -0.104270 0.306520 0.088530
424 -0.104270 0.377900 0.088530
425 -0.104270 0.484270 0.088530
426 -0.105150 0.030440 0.060180
427 -0.105320 0.484270 0.089050
428 -0.105850 0.245630 0.135060
429 -0.106370 0.484270 0.133840
430 -0.107420 0.495290 -0.013650
431 -0.107600 0.484270 0.082400
432 -0.108470 0.484270 0.080830
433 -0.108820 0.042860 -0.008570
434 -0.109170 0.043910 -0.014700
435 -0.110220 0.484270 0.126840
436 -0.110740 0.049510 -0.045660
437 -0.110740 0.495290 0.024320
438 -0.111620 0.495290 0.034120
439 -0.112140 0.029740 0.059830
440 -0.112670 0.484270 0.093070
441 -0.112670 0.495290 0.045840
442 -0.113190 -0.636650 0.034990
443 -0.113540 0.484270 0.093420
444 -0.115290 0.297070 0.100600
445 -0.115990 0.171800 0.035870
446 -0.115990 0.484270 0.099550
447 -0.116870 0.484270 0.095350
448 -0.117040 0.484270 0.095350
449 -0.117220 0.437900 0.035870
450 -0.117920 0.303370 0.095870
451 -0.117920 0.305120 0.095870
452 -0.117920 0.307740 0.095870
453 -0.117920 0.367050 0.095870
454 -0.117920 0.484270 0.095870
455 -0.118090 0.029390 0.058960
456 -0.118970 -0.648720 0.048990
457 -0.119670 0.484270 0.106550
458 -0.119840 0.289900 0.108470
459 -0.120370 0.484270 0.107600
460 -0.122120 0.484270 0.088000
461 -0.123170 0.243530 0.036910
462 -0.123170 0.273100 0.036910
463 -0.123170 0.289900 0.036910
464 -0.126840 0.495460 -0.045660
465 -0.126840 0.495460 0.022740
466 -0.127190 0.293740 0.039190
467 -0.128060 0.484270 0.077150
468 -0.128590 0.484270 0.075930
469 -0.129290 0.240910 0.040410
470 -0.129990 0.296370 0.040590
471 -0.129990 0.303370 0.040590
472 -0.129990 0.385070 0.040590
473 -0.129990 0.399420 0.040590
474 -0.129990 0.414640 0.040590
475 -0.129990 0.484270 0.040590
476 -0.130510 0.303370 0.040760
477 -0.130510 0.495460 -0.045660
478 -0.130690 0.303370 0.040940
479 -0.130860 0.303370 0.041110
480 -0.131740 0.028340 0.057030
481 -0.132440 0.484270 0.041990
482 -0.133660 0.047240 -0.045660
483 -0.135590 -0.683010 0.048990
484 -0.135590 -0.683010 0.077150
485 -0.135760 0.504740 0.041640
486 -0.136640 0.237930 0.044260
487 -0.140660 0.484270 0.046360
488 -0.141010 0.484270 0.046540
489 -0.143110 0.240910 0.047590
490 -0.143460 -0.626500 0.034990
491 -0.143460 0.296370 0.047940
492 -0.143460 0.303370 0.047940
493 -0.143460 0.385070 0.047940
494 -0.143460 0.414640 0.047940
495 -0.143460 0.460820 0.047940
496 -0.143460 0.484270 0.047940
497 -0.147130 0.292170 0.049860
498 -0.150280 0.244410 0.051440
499 -0.150280 0.268200 0.051440
500 -0.150280 0.289020 0.051440
501 -0.150810 -0.638050 0.048990
502 -0.159910 0.400990 -0.045660
503 -0.164280 0.518910 -0.018370
504 -0.165680 0.519610 -0.018720
505 -0.167080 0.495460 0.008400
506 -0.168480 0.373350 -0.045660
507 -0.168650 0.495460 -0.031670
508 -0.171980 -0.670770 0.048990
509 -0.171980 -0.670770 0.077150
510 -0.173030 0.522410 -0.019420
511 -0.174780 0.036220 -0.008400
512 -0.178630 0.036740 -0.014520
513 -0.181770 0.495460 -0.008400
514 -0.181770 0.495460 -0.014870
515 -0.191570 0.529930 -0.020990
516 -0.198920 0.040760 -0.045660
517 -0.203290 0.023270 0.046010
518 -0.204170 0.217640 0.029390
519 -0.208890 0.032890 -0.008400
520 -0.209590 0.033940 -0.014520
521 -0.212740 0.039360 -0.045660
522 -0.215190 0.021690 0.044440
523 -0.215190 0.184750 0.027290
524 -0.218510 0.021340 0.043210
525 -0.227260 0.134540 -0.024140
526 -0.243010 0.018890 0.034820
527 -0.261550 0.558970 -0.026420
528 -0.264880 0.020990 -0.027290
529 -0.265400 0.020990 -0.020470
530 -0.268030 0.020990 0.008220
531 -0.268730 0.020990 0.017500
532 -0.272570 0.022390 -0.008400
533 -0.275720 0.028870 -0.045660
534 -0.276770 0.022920 -0.014520
535 -0.280270 0.027820 -0.044090
536 -0.280450 0.027820 -0.044090
537 -0.284120 0.026940 -0.042860
538 -0.285520 0.014700 0.020290
539 -0.286400 0.014700 0.019070
540 -0.290770 0.024490 -0.035170
541 -0.294270 0.019940 -0.014520
542 -0.295140 0.018370 -0.008400
543 -0.304770 0.015920 -0.002620
544 -0.305470 0.016800 -0.008400
545 -0.306520 0.017850 -0.014520
546 -0.306870 0.018190 -0.016970
547 -0.308090 0.017670 -0.015750
548 -0.309140 0.017150 -0.014520
549 -0.309660 0.015920 -0.008400
550 -0.312460 0.090800 -0.031490
551 -0.331010 0.112840 0.006120
552 -0.376500 0.184570 -0.036740
553 -0.378770 0.187900 -0.036910
554 -0.397840 0.210990 -0.005770
555 -0.406760 0.228490 -0.039540
556 -0.447180 0.635080 -0.015050
557 -0.455750 0.638570 -0.016620
558 -0.488120 0.652400 -0.022040
559 -0.491440 0.654320 -0.047060
560 -0.495810 0.358650 -0.047410
561 -0.495810 0.656070 -0.047410
562 -0.496510 0.655720 -0.023970
563 -0.505440 0.660440 -0.056330
564 -0.519610 0.390320 -0.028170
565 -0.519610 0.665340 -0.028170
566 -0.519960 0.666920 -0.070510
567 -0.520130 0.665690 -0.029040
568 -0.529750 0.411660 -0.079780
569 -0.532030 0.671640 -0.061760
570 -0.536930 0.673910 -0.067360
571 -0.539900 0.674790 -0.055110
572 -0.540080 0.516980 -0.055110
573 -0.540080 0.526960 -0.055110
574 -0.543580 0.516980 -0.059830
575 -0.546200 0.516980 -0.063160
576 -0.553720 0.681440 -0.087480
577 -0.553720 0.681440 -0.087650
578 -0.559670 0.516980 -0.080830
579 -0.560370 0.584860 -0.082050
580 -0.560550 0.516980 -0.082050
581 -0.560550 0.605510 -0.082050
582 -0.560550 0.683890 -0.082050
583 -0.562120 0.459420 -0.083980
584 -0.564570 0.311060 -0.189650
585 -0.564570 0.380000 -0.189650
586 -0.568590 0.311060 -0.165680
587 -0.568590 0.311060 -0.249480
588 -0.568590 0.380000 -0.165680
589 -0.568590 0.380000 -0.249480
590 -0.569820 0.701380 -0.157980
591 -0.569820 0.760170 -0.157980
592 -0.569990 0.411490 -0.230060
593 -0.569990 0.743900 -0.230060
594 -0.570170 0.475520 -0.118790
595 -0.570170 0.689490 -0.118790
596 -0.570520 0.528700 -0.219560
597 -0.570520 0.638220 -0.219560
598 -0.570520 0.675660 -0.219560
599 -0.570690 0.528700 -0.212040
600 -0.570870 0.528700 -0.211520
601 -0.570870 0.675660 -0.211520
602 -0.571740 0.528700 -0.186500
603 -0.571740 0.557400 -0.186500
604 -0.571740 0.675660 -0.186500
605 -0.571740 0.675660 -0.189470
606 -0.572090 0.411490 -0.179150
607 -0.572090 0.690360 -0.118970
608 -0.572090 0.743900 -0.179150
609 -0.573320 0.701380 -0.138040
610 -0.573320 0.760170 -0.138040
611 -0.574890 0.528700 -0.170750
612 -0.574890 0.646620 -0.170750
613 -0.574890 0.675660 -0.170750
614 -0.575590 0.691580 -0.119320
615 -0.576470 0.294270 -0.217640
616 -0.576470 0.299520 -0.217640
617 -0.576470 0.391540 -0.217640
618 -0.576470 0.405010 -0.217640
619 -0.576640 0.298820 -0.211520
620 -0.576640 0.299340 -0.215890
621 -0.576820 0.392940 -0.206970
622 -0.576990 0.528700 -0.164100
623 -0.576990 0.675660 -0.164100
624 -0.576990 0.691580 -0.103570
625 -0.577340 0.296370 -0.192270
626 -0.577340 0.303190 -0.192100
627 -0.577340 0.340980 -0.192100
628 -0.577340 0.369500 -0.192100
629 -0.577340 0.392770 -0.219560
630 -0.577340 0.394870 -0.192270
631 -0.577340 0.485840 -0.119320
632 -0.577340 0.528700 -0.162360
633 -0.578040 0.294270 -0.180200
634 -0.578040 0.405010 -0.180200
635 -0.578390 0.701380 -0.159560
636 -0.578390 0.743900 -0.159560
637 -0.579440 0.701380 -0.156230
638 -0.579620 0.701380 -0.156060
639 -0.579970 0.295840 -0.223940
640 -0.579970 0.395220 -0.223940
641 -0.580840 0.701380 -0.151860
642 -0.581710 0.296370 -0.168480
643 -0.581710 0.303190 -0.168300
644 -0.581710 0.331010 -0.168300
645 -0.581710 0.340810 -0.168300
646 -0.581710 0.394870 -0.168480
647 -0.582760 0.281150 -0.206270
648 -0.582940 0.411490 -0.252280
649 -0.582940 0.743900 -0.252280
650 -0.583640 0.695080 -0.112670
651 -0.583810 0.281150 -0.181080
652 -0.584160 0.745470 -0.160610
653 -0.584340 0.675660 -0.141010
654 -0.584510 0.701380 -0.139960
655 -0.584510 0.712930 -0.139960
656 -0.584510 0.725880 -0.139960
657 -0.584510 0.729020 -0.139960
658 -0.584510 0.743900 -0.139960
659 -0.584860 0.300220 -0.233040
660 -0.584860 0.528700 -0.139260
661 -0.584860 0.566840 -0.139260
662 -0.584860 0.675660 -0.139260
663 -0.585560 0.300570 -0.233740
664 -0.586090 0.294270 -0.234790
665 -0.586090 0.300920 -0.234790
666 -0.586090 0.389970 -0.234790
667 -0.586090 0.405010 -0.234790
668 -0.586440 0.298120 -0.153610
669 -0.587310 0.390840 -0.233560
670 -0.587490 0.411490 -0.131210
671 -0.587490 0.743900 -0.131210
672 -0.587660 0.391190 -0.233210
673 -0.587660 0.392240 -0.149760
674 -0.588190 0.392070 -0.148530
675 -0.588890 0.268030 -0.194720
676 -0.588890 0.281150 -0.194720
677 -0.588890 0.281150 -0.217290
678 -0.588890 0.745120 -0.140660
679 -0.589240 0.294270 -0.144340
680 -0.589240 0.299520 -0.144340
681 -0.589240 0.391540 -0.144340
682 -0.589240 0.405010 -0.144340
683 -0.589590 0.268030 -0.182120
684 -0.589590 0.281150 -0.182120
685 -0.589940 0.504040 -0.120540
686 -0.589940 0.697710 -0.120540
687 -0.590110 0.299170 -0.143640
688 -0.591340 0.281150 -0.157280
689 -0.592040 0.268030 -0.199800
690 -0.592040 0.281150 -0.199800
691 -0.592040 0.747740 -0.162010
692 -0.593260 0.268030 -0.170050
693 -0.593260 0.281150 -0.170050
694 -0.593260 0.311060 -0.110920
695 -0.593260 0.380000 -0.110920
696 -0.594840 0.295840 -0.227090
697 -0.594840 0.395220 -0.227090
698 -0.595190 0.261550 -0.183170
699 -0.595190 0.295840 -0.139260
700 -0.595190 0.395220 -0.139260
701 -0.595190 0.750540 -0.183170
702 -0.596760 0.311060 -0.255250
703 -0.596760 0.380000 -0.255250
704 -0.597110 0.268030 -0.196120
705 -0.597110 0.281150 -0.196120
706 -0.597990 0.268030 -0.166550
707 -0.597990 0.281150 -0.166550
708 -0.598690 0.748620 -0.163060
709 -0.599040 0.281150 -0.209070
710 -0.600260 0.299340 -0.222540
711 -0.600610 0.268030 -0.184050
712 -0.600610 0.281150 -0.184050
713 -0.600780 0.294270 -0.222010
714 -0.600780 0.299520 -0.222010
715 -0.600780 0.391370 -0.222010
716 -0.600780 0.405010 -0.222010
717 -0.601130 0.281150 -0.149060
718 -0.601310 0.268030 -0.171630
719 -0.601310 0.281150 -0.171630
720 -0.602010 0.392070 -0.217820
721 -0.602010 0.746690 -0.143110
722 -0.602360 0.391190 -0.133140
723 -0.602710 0.392240 -0.216420
724 -0.603060 0.390840 -0.132610
725 -0.603060 0.411490 -0.235140
726 -0.603060 0.743900 -0.235140
727 -0.603580 0.298470 -0.213090
728 -0.604280 0.294270 -0.131560
729 -0.604280 0.300920 -0.131560
730 -0.604280 0.390140 -0.131560
731 -0.604280 0.405010 -0.131560
732 -0.604810 0.300570 -0.132610
733 -0.605160 0.300390 -0.133310
734 -0.605160 0.747740 -0.164280
735 -0.606030 0.528700 -0.225860
736 -0.606030 0.565790 -0.225860
737 -0.606030 0.675660 -0.225860
738 -0.606210 0.675660 -0.225340
739 -0.606380 0.281150 -0.185100
740 -0.607260 0.411490 -0.114070
741 -0.607260 0.743900 -0.114070
742 -0.607610 0.281150 -0.159910
743 -0.608480 0.303190 -0.197870
744 -0.608480 0.330830 -0.197870
745 -0.608480 0.340980 -0.197870
746 -0.608660 0.296370 -0.197870
747 -0.608660 0.394690 -0.197870
748 -0.610230 0.295840 -0.142240
749 -0.610230 0.395220 -0.142240
750 -0.612330 0.294270 -0.186150
751 -0.612330 0.405010 -0.186150
752 -0.612680 0.303370 -0.174250
753 -0.612680 0.341160 -0.174250
754 -0.612680 0.392590 -0.146780
755 -0.612860 0.296370 -0.174080
756 -0.612860 0.369320 -0.174080
757 -0.612860 0.394690 -0.174080
758 -0.612860 0.528700 -0.203990
759 -0.613380 0.392770 -0.158860
760 -0.613560 0.298820 -0.154830
761 -0.613730 0.299340 -0.150460
762 -0.613910 0.294270 -0.148530
763 -0.613910 0.299520 -0.148530
764 -0.613910 0.391540 -0.148530
765 -0.613910 0.405010 -0.148530
766 -0.613910 0.528700 -0.200840
767 -0.613910 0.675660 -0.200840
768 -0.615130 0.745120 -0.145380
769 -0.616010 0.528700 -0.194370
770 -0.616010 0.647150 -0.194370
771 -0.616010 0.675660 -0.194370
772 -0.616180 0.744940 -0.145560
773 -0.618100 0.411490 -0.187200
774 -0.618100 0.743900 -0.187200
775 -0.618280 0.528700 -0.178450
776 -0.618280 0.557570 -0.178450
777 -0.618280 0.675660 -0.178450
778 -0.618630 0.675660 -0.176700
779 -0.618980 0.701380 -0.166200
780 -0.618980 0.701380 -0.166730
781 -0.618980 0.702260 -0.166730
782 -0.618980 0.709950 -0.166730
783 -0.618980 0.743900 -0.166730
784 -0.619500 0.528700 -0.153430
785 -0.619500 0.528700 -0.154130
786 -0.619500 0.675660 -0.153430
787 -0.619500 0.701380 -0.149930
788 -0.619850 0.528700 -0.145560
789 -0.619850 0.637870 -0.145560
790 -0.619850 0.675660 -0.145560
791 -0.619850 0.701380 -0.146080
792 -0.619850 0.701380 -0.146780
793 -0.619850 0.704710 -0.146080
794 -0.619850 0.743900 -0.146080
795 -0.620200 0.411490 -0.136110
796 -0.620200 0.743900 -0.136110
797 -0.621430 0.311060 -0.200490
798 -0.621430 0.380000 -0.200490
799 -0.621780 0.311060 -0.116690
800 -0.621780 0.380000 -0.116690
801 -0.625450 0.311060 -0.176700
802 -0.625450 0.380000 -0.176700
803 -0.627550 0.701380 -0.168300
804 -0.627550 0.760170 -0.168300
805 -0.631050 0.701380 -0.148180
806 -0.631050 0.760170 -0.148180
807 0.000000 -0.023790 -0.012950
808 0.000000 -0.047940 0.024840
809 0.000000 -0.110740 -0.006300
810 0.000000 -0.117390 -0.009620
811 0.000000 -0.370720 0.004900
812 0.000000 -0.370720 0.014170
813 0.000000 -0.370720 0.021170
814 0.000000 -0.426010 0.000170
815 0.000000 -0.426010 0.024670
816 0.000000 -0.470970 0.034470
817 0.000000 -0.571740 0.074880
818 0.000000 -0.571740 0.107770
819 0.000000 -0.579270 0.124220
820 0.000000 -0.595540 0.074880
821 0.000000 -0.595540 0.127540
822 0.000000 -0.611810 0.124220
823 0.000000 -0.619330 0.074880
824 0.000000 -0.619330 0.107770
825 0.000000 -0.640150 0.074880
826 0.000000 -0.640150 0.114420
827 0.000000 -0.695430 0.003850
828 0.000000 -0.695430 0.014170
829 0.000000 -0.695430 0.022040
830 0.000000 -0.698930 -0.020120
831 0.000000 0.037260 -0.010150
832 0.000000 0.037260 0.008750
833 0.000170 -0.664120 0.111090
834 0.000170 -0.684940 0.041290
835 0.000350 -0.508930 0.052140
836 0.000350 -0.664290 0.057380
837 0.000520 -0.539900 0.061760
838 0.000520 -0.591690 0.068060
839 0.000520 -0.629650 0.066310
840 0.000520 -0.680560 0.097970
841 0.000520 -0.684940 0.074880
842 0.000870 -0.117220 -0.009450
843 0.001220 -0.649600 0.001400
844 0.001220 -0.706110 0.001400
845 0.001400 -0.649600 -0.020290
846 0.001400 -0.698580 -0.020290
847 0.001570 -0.707860 0.006650
848 0.001570 0.350950 0.035870
849 0.001570 0.350950 0.093600
850 0.001750 -0.471320 0.062980
851 0.001750 -0.705760 0.001050
852 0.001920 0.495460 -0.045660
853 0.002100 -0.370720 0.005070
854 0.002100 -0.649600 0.006820
855 0.002100 -0.707860 0.006820
856 0.002450 -0.370720 0.021170
857 0.002450 -0.649600 -0.025890
858 0.002450 -0.695430 0.003850
859 0.002450 -0.697010 -0.025890
860 0.002620 -0.695430 0.022040
861 0.002800 0.046190 -0.008920
862 0.002800 0.495460 -0.008920
863 0.002970 -0.485670 0.034990
864 0.002970 0.047240 -0.014870
865 0.002970 0.495460 -0.014870
866 0.003320 -0.426010 0.000520
867 0.003670 -0.426010 0.024490
868 0.004370 -0.370720 0.005600
869 0.004370 0.495460 0.035520
870 0.004550 -0.697360 -0.024670
871 0.004720 -0.370720 0.020470
872 0.004900 0.037260 -0.010150
873 0.005070 -0.695430 0.004550
874 0.005070 0.032890 0.065260
875 0.005420 -0.695430 0.021520
876 0.006470 -0.026770 0.029570
877 0.006470 -0.470970 -0.012070
878 0.006650 -0.370720 0.006470
879 0.006820 -0.370720 0.020120
880 0.006820 -0.426010 0.001220
881 0.006820 -0.699810 -0.017150
882 0.007000 -0.426010 0.023970
883 0.007000 -0.470970 0.034120
884 0.007000 0.052660 -0.045660
885 0.007350 -0.699810 -0.016970
886 0.007520 -0.695430 0.005600
887 0.007700 -0.695430 0.020820
888 0.007870 -0.470450 0.015920
889 0.007870 -0.649600 -0.002270
890 0.007870 -0.704880 -0.002270
891 0.008050 -0.026940 -0.011720
892 0.008050 -0.039890 0.028870
893 0.008050 -0.470450 0.001570
894 0.008050 -0.581360 0.124220
895 0.008050 -0.649600 -0.016450
896 0.008050 -0.700160 -0.016450
897 0.008220 -0.609530 0.124220
898 0.008220 -0.704530 -0.002970
899 0.008570 -0.370720 0.007520
900 0.008570 -0.370720 0.019240
901 0.008750 -0.685110 -0.021340
902 0.008920 -0.027290 -0.011550
903 0.008920 -0.560550 0.034990
904 0.008920 -0.560550 0.062980
905 0.008920 0.037260 -0.010150
906 0.008920 0.037260 -0.013820
907 0.008920 0.042860 -0.037960
908 0.008920 0.056330 -0.010150
909 0.009100 -0.027640 0.029220
910 0.009100 -0.560900 0.062980
911 0.009100 -0.562470 0.034990
912 0.009100 0.037260 0.027990
913 0.009100 0.037260 0.031490
914 0.009100 0.042860 0.055630
915 0.009100 0.056330 0.027990
916 0.009620 -0.684940 0.040760
917 0.009800 -0.695430 0.006820
918 0.009970 -0.573490 0.077150
919 0.009970 -0.695430 0.019770
920 0.010150 -0.370720 0.009100
921 0.010150 -0.370720 0.018020
922 0.010150 -0.426010 0.002620
923 0.010150 -0.426010 0.022920
924 0.010150 -0.470620 0.062980
925 0.010150 -0.702080 -0.010500
926 0.010500 -0.649600 -0.009450
927 0.010500 -0.702430 -0.009450
928 0.011200 -0.698580 -0.020470
929 0.011370 -0.370720 0.010670
930 0.011370 -0.706110 0.001750
931 0.011550 -0.370720 0.016970
932 0.011550 -0.574540 0.074880
933 0.011550 -0.574540 0.107770
934 0.011550 -0.695430 0.008400
935 0.011720 -0.695430 0.018370
936 0.011900 -0.616010 0.074880
937 0.011900 -0.616010 0.107770
938 0.012070 -0.370720 0.012420
939 0.012070 -0.370720 0.015570
940 0.012070 -0.649600 0.001220
941 0.012070 -0.705760 0.001220
942 0.012250 -0.370720 0.014170
943 0.012250 -0.508930 -0.035170
944 0.012250 -0.649600 -0.020120
945 0.012250 -0.698930 -0.020120
946 0.012770 -0.695430 0.010150
947 0.012950 -0.695430 0.017150
948 0.012950 -0.699630 -0.018020
949 0.013120 -0.426010 0.004370
950 0.013120 -0.426010 0.021690
951 0.013120 0.052490 -0.045660
952 0.013300 -0.508930 0.051440
953 0.013470 -0.106900 -0.004370
954 0.013470 -0.470970 -0.010670
955 0.013470 -0.484790 0.034990
956 0.013650 -0.695430 0.012250
957 0.013650 -0.695430 0.015750
958 0.013820 -0.051440 0.023090
959 0.013820 -0.470970 0.032890
960 0.013820 -0.695430 0.014170
961 0.014000 -0.106720 -0.004200
962 0.014000 -0.470450 0.012950
963 0.014000 -0.587310 0.124220
964 0.014170 -0.470450 0.004720
965 0.014170 -0.603580 0.124220
966 0.014170 -0.664470 -0.042160
967 0.014870 -0.106550 -0.004200
968 0.015050 -0.052310 0.022740
969 0.015400 -0.426010 0.006470
970 0.015400 -0.664290 0.056510
971 0.015570 -0.426010 0.019940
972 0.015570 -0.539900 -0.047940
973 0.015570 -0.702960 -0.007870
974 0.015750 -0.105850 -0.003850
975 0.015920 -0.052310 0.022740
976 0.016100 -0.649600 -0.009100
977 0.016100 -0.651520 0.034990
978 0.016100 -0.702430 -0.009100
979 0.016270 -0.470450 0.008750
980 0.016270 -0.595360 0.124220
981 0.016970 -0.539900 0.060880
982 0.016970 -0.629830 -0.053710
983 0.017150 -0.426010 0.008750
984 0.017150 -0.664290 0.048990
985 0.017320 -0.426010 0.018190
986 0.017500 -0.591860 -0.055980
987 0.018020 -0.685110 -0.019420
988 0.018190 -0.112670 -0.007170
989 0.018190 -0.426010 0.011550
990 0.018190 -0.426010 0.016270
991 0.018370 -0.426010 0.014170
992 0.018370 -0.629650 0.065260
993 0.018720 -0.684940 0.039360
994 0.018890 -0.469050 0.062980
995 0.019070 -0.591690 0.067010
996 0.019590 -0.470970 -0.008050
997 0.019940 -0.111270 -0.006470
998 0.020120 -0.470970 0.030970
999 0.020120 -0.700860 0.048990
1000 0.020120 -0.700860 0.077150
1001 0.020290 -0.043390 0.027120
1002 0.020290 -0.583290 0.074880
1003 0.020290 -0.583290 0.107770
1004 0.020470 -0.607260 0.074880
1005 0.020470 -0.607260 0.107770
1006 0.023270 -0.619500 0.111090
1007 0.023270 0.037260 0.029570
1008 0.023620 -0.595360 0.074880
1009 0.023620 -0.595360 0.107770
1010 0.023790 -0.660790 0.111090
1011 0.023970 -0.482870 0.034990
1012 0.024140 0.037260 -0.011900
1013 0.024320 0.046710 -0.014870
1014 0.025020 -0.508930 -0.032370
1015 0.025190 -0.470970 -0.004900
1016 0.025370 -0.470970 0.028520
1017 0.025540 -0.096570 0.000700
1018 0.025890 -0.062630 0.017500
1019 0.026070 -0.508930 0.049160
1020 0.026420 -0.685110 -0.016100
1021 0.026590 -0.095700 0.001050
1022 0.026940 -0.094300 0.001750
1023 0.027120 -0.466950 0.062980
1024 0.027120 -0.684940 0.036740
1025 0.027290 -0.064210 0.016800
1026 0.027290 -0.064910 0.016450
1027 0.027470 -0.051090 0.023270
1028 0.027820 0.045490 -0.008920
1029 0.027990 -0.090450 0.003670
1030 0.028170 -0.089750 0.004020
1031 0.028520 -0.088700 0.004550
1032 0.028690 -0.664470 -0.039010
1033 0.028870 -0.087650 0.005070
1034 0.029220 -0.558970 0.062980
1035 0.029570 -0.470970 -0.000700
1036 0.029740 -0.558620 0.034990
1037 0.029740 -0.558620 0.062980
1038 0.029740 -0.560550 0.034990
1039 0.029740 -0.664290 0.054060
1040 0.029920 -0.084330 0.006820
1041 0.029920 -0.470970 0.025370
1042 0.030620 -0.081180 0.008400
1043 0.030790 -0.080650 0.008570
1044 0.030970 -0.080300 0.008750
1045 0.031490 -0.539900 -0.044440
1046 0.032020 -0.571390 0.077150
1047 0.032890 -0.539900 0.058080
1048 0.033070 -0.099370 -0.000520
1049 0.033070 -0.470970 0.003670
1050 0.033240 -0.470970 0.021870
1051 0.033940 -0.480420 0.034990
1052 0.033940 -0.685110 -0.011550
1053 0.034470 -0.095170 0.001400
1054 0.034470 -0.629830 -0.049860
1055 0.034470 -0.684940 0.033420
1056 0.034820 -0.094300 0.001750
1057 0.035170 -0.059310 0.019240
1058 0.035170 -0.470970 0.008750
1059 0.035170 -0.470970 0.018020
1060 0.035690 -0.591860 -0.052140
1061 0.035870 -0.470970 0.014000
1062 0.035870 -0.470970 0.014170
1063 0.035870 -0.629650 0.062280
1064 0.036560 -0.508930 -0.027820
1065 0.036910 -0.591690 0.063860
1066 0.037610 -0.508930 0.045660
1067 0.037790 -0.072260 0.012600
1068 0.038310 0.037260 0.004200
1069 0.038310 0.037260 0.008920
1070 0.038310 0.037260 0.011370
1071 0.038310 0.037260 0.013470
1072 0.038310 0.056330 0.004200
1073 0.038310 0.056330 0.013470
1074 0.039360 -0.080130 0.008750
1075 0.039360 -0.605160 0.097970
1076 0.040060 -0.685110 -0.005950
1077 0.040410 -0.684940 0.029220
1078 0.040590 -0.027640 0.004200
1079 0.040590 -0.027640 0.013470
1080 0.040590 -0.674960 0.097970
1081 0.040760 -0.027290 0.012950
1082 0.040760 -0.628250 0.111090
1083 0.040940 0.037260 0.020820
1084 0.041110 -0.026590 0.005420
1085 0.041290 -0.652050 0.111090
1086 0.041640 0.037260 -0.002970
1087 0.041990 -0.025720 0.011020
1088 0.041990 -0.664470 -0.033770
1089 0.043040 -0.664290 0.050040
1090 0.043390 -0.023970 0.008750
1091 0.043910 -0.601310 0.074880
1092 0.044610 -0.685110 0.000000
1093 0.044960 -0.684940 0.024490
1094 0.045140 -0.678810 0.074880
1095 0.045140 0.037260 0.004200
1096 0.045140 0.037260 0.013470
1097 0.046190 -0.539900 -0.038660
1098 0.047240 -0.508930 -0.021520
1099 0.047410 -0.539900 0.053710
1100 0.047410 -0.640150 0.111090
1101 0.047410 -0.685110 0.006820
1102 0.047590 -0.684940 0.019420
1103 0.047940 -0.508930 0.040760
1104 0.048290 -0.685110 0.014000
1105 0.048460 -0.684940 0.014170
1106 0.048990 -0.648720 0.034990
1107 0.049510 -0.555650 0.062980
1108 0.049860 -0.555120 0.034990
1109 0.049860 -0.555120 0.062980
1110 0.049860 -0.557050 0.034990
1111 0.050560 -0.629830 -0.043560
1112 0.051610 -0.661320 0.048990
1113 0.051790 -0.629650 0.057380
1114 0.052310 -0.591860 -0.045490
1115 0.053540 -0.591690 0.058780
1116 0.053710 -0.664470 -0.026590
1117 0.053890 -0.567890 0.077150
1118 0.054410 -0.664290 0.044610
1119 0.054410 0.495460 -0.045660
1120 0.055630 -0.508930 -0.014000
1121 0.056330 -0.508930 0.035170
1122 0.058430 0.437900 0.035870
1123 0.058610 0.437900 0.093600
1124 0.059310 -0.539900 -0.030790
1125 0.059660 -0.697360 0.048990
1126 0.059660 -0.697360 0.077150
1127 0.060180 -0.539900 0.047760
1128 0.061410 0.218860 0.035870
1129 0.061930 -0.508930 -0.005250
1130 0.062280 -0.508930 0.028520
1131 0.063330 -0.664470 -0.018020
1132 0.064030 -0.664290 0.037960
1133 0.064730 -0.629830 -0.035170
1134 0.065780 -0.508930 0.003850
1135 0.065780 -0.629650 0.050910
1136 0.066130 -0.508930 0.021340
1137 0.067010 -0.591860 -0.036560
1138 0.067180 -0.508930 0.013820
1139 0.067360 -0.508930 0.014170
1140 0.068060 -0.591690 0.052140
1141 0.068060 0.031670 0.062280
1142 0.068930 -0.550570 0.062980
1143 0.069280 -0.619850 0.097970
1144 0.069630 -0.550050 0.034990
1145 0.069630 -0.550050 0.062980
1146 0.069810 -0.551970 0.034990
1147 0.069980 -0.539900 -0.021340
1148 0.069980 -0.660270 0.097970
1149 0.070510 -0.664470 -0.008050
1150 0.070680 -0.539900 0.040410
1151 0.071030 -0.664290 0.030440
1152 0.074530 0.495460 0.031840
1153 0.074880 0.051090 -0.045660
1154 0.075050 -0.562470 0.077150
1155 0.075050 -0.664470 0.002620
1156 0.075400 -0.664290 0.022390
1157 0.076450 -0.629830 -0.024670
1158 0.076630 -0.664290 0.014170
1159 0.076630 -0.664470 0.013820
1160 0.077150 -0.617580 0.074880
1161 0.077150 -0.629650 0.042860
1162 0.077680 -0.539900 -0.010150
1163 0.077680 -0.662370 0.074880
1164 0.078380 -0.539900 0.032190
1165 0.078380 0.245280 0.118270
1166 0.078900 -0.591860 -0.025890
1167 0.078900 0.437900 0.093600
1168 0.079250 0.484090 0.117220
1169 0.079780 -0.591690 0.043910
1170 0.079950 0.050910 -0.045660
1171 0.079950 0.235490 0.093600
1172 0.080300 -0.639970 0.097970
1173 0.080480 0.174250 0.035870
1174 0.080480 0.180030 0.043040
1175 0.080480 0.182650 0.046360
1176 0.080480 0.210470 0.081530
1177 0.080480 0.218860 0.035870
1178 0.081180 -0.642950 0.034990
1179 0.082750 -0.539900 0.001400
1180 0.082750 0.484090 0.110040
1181 0.083100 -0.539900 0.023270
1182 0.083280 0.437900 0.035870
1183 0.084500 -0.539900 0.013650
1184 0.084500 -0.539900 0.014170
1185 0.085030 -0.629830 -0.012770
1186 0.085550 -0.629650 0.033770
1187 0.085730 -0.655370 0.048990
1188 0.087830 -0.544100 0.062980
1189 0.088000 -0.591860 -0.013470
1190 0.088000 0.484090 0.125440
1191 0.088530 -0.591690 0.034470
1192 0.088700 -0.545320 0.034990
1193 0.088700 0.437900 0.090450
1194 0.089400 -0.639970 0.074880
1195 0.090100 0.238980 0.129460
1196 0.090450 -0.629830 0.000170
1197 0.090800 -0.629650 0.023970
1198 0.090800 0.484090 0.128060
1199 0.091150 0.437900 0.089750
1200 0.092020 0.031140 0.061060
1201 0.092370 -0.629650 0.014170
1202 0.092370 -0.629830 0.013650
1203 0.092550 0.217120 0.089750
1204 0.092720 0.289370 0.091850
1205 0.093250 0.484090 0.090800
1206 0.093600 -0.591860 -0.000170
1207 0.093600 0.042860 0.004200
1208 0.093600 0.042860 0.013470
1209 0.093950 -0.591690 0.024320
1210 0.094470 0.484090 0.090800
1211 0.095350 -0.555300 0.077150
1212 0.095350 0.043910 -0.008920
1213 0.095520 -0.591690 0.014000
1214 0.095520 -0.591860 0.013650
1215 0.095520 0.044960 -0.015050
1216 0.096920 0.050560 -0.045660
1217 0.098320 -0.690880 0.048990
1218 0.098320 -0.690880 0.077150
1219 0.101820 0.296540 0.091150
1220 0.102350 0.484090 0.090100
1221 0.102700 0.484090 0.131210
1222 0.104450 0.303020 0.086080
1223 0.104450 0.304770 0.086080
1224 0.104450 0.307390 0.086080
1225 0.104450 0.367050 0.086080
1226 0.104450 0.484090 0.086080
1227 0.105150 0.484090 0.086780
1228 0.105320 0.484090 0.086780
1229 0.105500 0.244410 0.133310
1230 0.106200 0.484090 0.132090
1231 0.108650 0.484090 0.078380
1232 0.108820 0.484090 0.088700
1233 0.109520 0.484090 0.089050
1234 0.110740 0.049340 -0.045660
1235 0.111270 0.437900 0.051790
1236 0.112490 -0.635080 0.034990
1237 0.114420 0.484090 0.067530
1238 0.115120 0.484090 0.066310
1239 0.115470 0.296540 0.098320
1240 0.115990 0.484090 0.097270
1241 0.116340 0.484090 0.097970
1242 0.116870 0.029220 0.059830
1243 0.117040 0.484090 0.093070
1244 0.117570 0.492140 -0.011550
1245 0.117740 0.492310 -0.011370
1246 0.117920 0.303020 0.093600
1247 0.117920 0.304770 0.093600
1248 0.117920 0.306170 0.093600
1249 0.117920 0.377900 0.093600
1250 0.117920 0.484090 0.093600
1251 0.118440 -0.646970 0.048990
1252 0.119320 0.484090 0.107420
1253 0.119670 0.437900 0.035870
1254 0.120190 0.290420 0.105670
1255 0.120720 0.484090 0.104800
1256 0.121240 0.174780 0.035870
1257 0.121240 0.484090 0.087130
1258 0.121420 0.492140 0.027640
1259 0.122120 0.484090 0.085730
1260 0.122990 0.492140 0.047060
1261 0.123170 0.244060 0.034640
1262 0.123170 0.267850 0.034640
1263 0.123170 0.288670 0.034640
1264 0.123340 0.489870 -0.012070
1265 0.123520 0.028690 0.059660
1266 0.126320 0.042160 -0.015050
1267 0.126320 0.291990 0.036390
1268 0.128240 0.495460 -0.045660
1269 0.128410 0.489870 0.046540
1270 0.129460 0.040760 -0.008920
1271 0.129990 0.296020 0.038310
1272 0.129990 0.303020 0.038310
1273 0.129990 0.384890 0.038310
1274 0.129990 0.414640 0.038310
1275 0.129990 0.460820 0.038310
1276 0.129990 0.484090 0.038310
1277 0.130340 0.240560 0.038490
1278 0.132440 0.484090 0.039710
1279 0.132960 0.484090 0.039890
1280 0.135240 0.495460 0.022220
1281 0.135940 -0.680740 0.048990
1282 0.135940 -0.680740 0.077150
1283 0.136110 0.495460 -0.045660
1284 0.136810 0.237580 0.041990
1285 0.141010 0.484090 0.044260
1286 0.142410 -0.624230 0.034990
1287 0.142410 0.303020 0.044960
1288 0.142760 0.303020 0.045140
1289 0.142940 0.303020 0.045310
1290 0.143640 0.296020 0.045490
1291 0.143640 0.303020 0.045490
1292 0.143640 0.384890 0.045490
1293 0.143640 0.399420 0.045490
1294 0.143640 0.414640 0.045490
1295 0.143640 0.484090 0.045490
1296 0.144160 0.240560 0.045840
1297 0.146080 0.293390 0.047060
1298 0.150110 -0.635780 0.048990
1299 0.150280 0.243180 0.049160
1300 0.150280 0.272750 0.049160
1301 0.150280 0.289370 0.049160
1302 0.161310 0.026420 0.053710
1303 0.164100 0.504910 0.039710
1304 0.165500 0.505260 0.039710
1305 0.172150 -0.668320 0.048990
1306 0.172150 -0.668320 0.077150
1307 0.173030 0.495460 -0.032370
1308 0.174780 0.495460 0.007700
1309 0.187720 0.495460 -0.008920
1310 0.187720 0.495460 -0.015400
1311 0.190520 0.024670 0.048990
1312 0.192800 0.314560 -0.045660
1313 0.193670 0.263130 -0.018190
1314 0.195770 0.257180 -0.018190
1315 0.195950 0.034990 -0.009100
1316 0.196650 0.036040 -0.015220
1317 0.199450 0.041110 -0.045660
1318 0.199620 0.041110 -0.045660
1319 0.206270 0.522410 0.032020
1320 0.212740 0.039190 -0.045660
1321 0.213790 0.525560 0.030790
1322 0.216240 0.038660 -0.045660
1323 0.216770 0.207140 0.030270
1324 0.220440 0.020990 0.044440
1325 0.225160 0.020290 0.043560
1326 0.226210 0.031490 -0.015220
1327 0.228310 0.028340 -0.009100
1328 0.248430 0.018190 0.035170
1329 0.255250 0.032720 -0.045660
1330 0.273970 0.020990 -0.025190
1331 0.274500 0.020990 -0.019240
1332 0.276950 0.020990 0.008920
1333 0.277820 0.020990 0.019240
1334 0.283600 0.028170 -0.045660
1335 0.287450 0.027470 -0.044440
1336 0.288500 0.027120 -0.044090
1337 0.289020 0.014700 0.020290
1338 0.290070 0.026590 -0.042510
1339 0.290600 0.014520 0.019940
1340 0.293220 0.014000 0.018890
1341 0.293220 0.019770 -0.009100
1342 0.294270 0.020820 -0.015400
1343 0.296720 0.023970 -0.034990
1344 0.299340 0.058080 -0.027470
1345 0.300740 0.019240 -0.015400
1346 0.301620 0.017850 -0.009100
1347 0.315090 0.014520 -0.008050
1348 0.315610 0.015920 -0.015400
1349 0.315960 0.014520 -0.009100
1350 0.344310 0.118970 0.006820
1351 0.371250 0.163230 -0.033770
1352 0.386820 0.181430 -0.000700
1353 0.389440 0.185450 -0.001220
1354 0.401340 0.202940 -0.003500
1355 0.403960 0.606210 -0.036390
1356 0.406060 0.607260 -0.036560
1357 0.458020 0.628600 -0.041110
1358 0.461000 0.629830 -0.041290
1359 0.470970 0.634030 -0.042340
1360 0.496690 0.643820 -0.020990
1361 0.497740 0.348150 -0.044790
1362 0.497740 0.645050 -0.044790
1363 0.521530 0.380000 -0.025370
1364 0.521530 0.654320 -0.025370
1365 0.530630 0.658520 -0.037260
1366 0.530630 0.659220 -0.056160
1367 0.536400 0.661320 -0.051260
1368 0.537100 0.661670 -0.050740
1369 0.537630 0.661840 -0.050390
1370 0.538330 0.411840 -0.083450
1371 0.539030 0.662370 -0.049160
1372 0.539380 0.545320 -0.048810
1373 0.539380 0.563520 -0.048810
1374 0.539380 0.662540 -0.048810
1375 0.540600 0.545320 -0.050210
1376 0.541130 0.545320 -0.051090
1377 0.543580 0.664820 -0.071560
1378 0.545320 0.665870 -0.073650
1379 0.550750 0.668320 -0.080130
1380 0.551800 0.428810 -0.065260
1381 0.552500 0.669020 -0.082050
1382 0.553900 0.669540 -0.081000
1383 0.556350 0.671290 -0.100770
1384 0.558450 0.671470 -0.076980
1385 0.559850 0.545320 -0.075750
1386 0.559850 0.554600 -0.075750
1387 0.559850 0.671990 -0.075750
1388 0.563000 0.311060 -0.186850
1389 0.563000 0.380000 -0.186850
1390 0.563870 0.674790 -0.108120
1391 0.567370 0.311060 -0.163060
1392 0.567370 0.311060 -0.246860
1393 0.567370 0.380000 -0.163060
1394 0.567370 0.380000 -0.246860
1395 0.568420 0.701380 -0.154480
1396 0.568420 0.760170 -0.154480
1397 0.568590 0.411490 -0.225690
1398 0.568590 0.743900 -0.225690
1399 0.568940 0.528700 -0.215890
1400 0.568940 0.565790 -0.215890
1401 0.568940 0.675660 -0.215890
1402 0.569120 0.675660 -0.215370
1403 0.569990 0.528700 -0.193150
1404 0.570170 0.528700 -0.189820
1405 0.570170 0.675660 -0.189820
1406 0.570520 0.528700 -0.183000
1407 0.570520 0.647150 -0.183000
1408 0.570520 0.675660 -0.183000
1409 0.570690 0.411490 -0.175480
1410 0.570690 0.743900 -0.175480
1411 0.571740 0.701380 -0.134360
1412 0.571740 0.760170 -0.134360
1413 0.572440 0.465200 -0.116170
1414 0.572440 0.678460 -0.116170
1415 0.573320 0.528700 -0.167250
1416 0.573320 0.557570 -0.167250
1417 0.573320 0.675660 -0.167250
1418 0.574020 0.675660 -0.165500
1419 0.575070 0.294270 -0.214140
1420 0.575070 0.299520 -0.214140
1421 0.575070 0.391370 -0.214140
1422 0.575070 0.405010 -0.214140
1423 0.575240 0.392070 -0.209770
1424 0.575420 0.298470 -0.204690
1425 0.575420 0.392240 -0.208370
1426 0.575590 0.299340 -0.214840
1427 0.576120 0.296370 -0.188770
1428 0.576120 0.303190 -0.188950
1429 0.576120 0.330830 -0.188950
1430 0.576120 0.340980 -0.188950
1431 0.576120 0.394690 -0.188770
1432 0.576640 0.294270 -0.176530
1433 0.576640 0.405010 -0.176530
1434 0.576990 0.701380 -0.156060
1435 0.576990 0.702260 -0.156060
1436 0.576990 0.709950 -0.156060
1437 0.576990 0.743900 -0.156060
1438 0.577170 0.701380 -0.155530
1439 0.578920 0.295840 -0.220790
1440 0.578920 0.395220 -0.220790
1441 0.580140 0.296370 -0.164980
1442 0.580140 0.303370 -0.164980
1443 0.580140 0.341160 -0.164980
1444 0.580140 0.369320 -0.164980
1445 0.580140 0.394690 -0.164980
1446 0.580840 0.528700 -0.143810
1447 0.581020 0.528700 -0.143460
1448 0.581020 0.675660 -0.143460
1449 0.581360 0.281150 -0.202590
1450 0.581540 0.411490 -0.248780
1451 0.581540 0.743900 -0.248780
1452 0.582060 0.701380 -0.139960
1453 0.582410 0.281150 -0.177400
1454 0.582410 0.682310 -0.105500
1455 0.582940 0.701380 -0.137160
1456 0.583290 0.391190 -0.229010
1457 0.583290 0.528700 -0.135760
1458 0.583290 0.637870 -0.135760
1459 0.583290 0.675660 -0.135760
1460 0.583290 0.701380 -0.136290
1461 0.583290 0.704710 -0.136290
1462 0.583290 0.743900 -0.136290
1463 0.583810 0.390840 -0.229710
1464 0.584510 0.294270 -0.231110
1465 0.584510 0.300920 -0.231110
1466 0.584510 0.389970 -0.231110
1467 0.584510 0.405010 -0.231110
1468 0.584510 0.483390 -0.117220
1469 0.584860 0.392770 -0.150460
1470 0.585560 0.300570 -0.230410
1471 0.586090 0.298820 -0.146610
1472 0.586090 0.300220 -0.229890
1473 0.586090 0.411490 -0.126840
1474 0.586090 0.743900 -0.126840
1475 0.586790 0.684590 -0.117390
1476 0.586960 0.744940 -0.136990
1477 0.587490 0.299340 -0.142410
1478 0.587660 0.268030 -0.191050
1479 0.587660 0.281150 -0.191050
1480 0.587660 0.281150 -0.213790
1481 0.587660 0.745120 -0.137160
1482 0.588010 0.294270 -0.140660
1483 0.588010 0.299520 -0.140660
1484 0.588010 0.391540 -0.140660
1485 0.588010 0.405010 -0.140660
1486 0.588360 0.268030 -0.178630
1487 0.588360 0.281150 -0.178630
1488 0.589760 0.392590 -0.139260
1489 0.589760 0.685460 -0.117740
1490 0.589940 0.281150 -0.153610
1491 0.590810 0.268030 -0.196120
1492 0.590810 0.281150 -0.196120
1493 0.590810 0.747740 -0.158330
1494 0.591510 0.311060 -0.108120
1495 0.591510 0.380000 -0.108120
1496 0.591860 0.268030 -0.166550
1497 0.591860 0.281150 -0.166550
1498 0.592040 0.493360 -0.117920
1499 0.592040 0.686690 -0.117920
1500 0.593610 0.261550 -0.179500
1501 0.593610 0.295840 -0.135940
1502 0.593610 0.395220 -0.135940
1503 0.593610 0.750540 -0.179500
1504 0.594140 0.295840 -0.223060
1505 0.594140 0.395220 -0.223060
1506 0.595710 0.268030 -0.192450
1507 0.595710 0.281150 -0.192450
1508 0.596060 0.311060 -0.251060
1509 0.596060 0.380000 -0.251060
1510 0.596760 0.268030 -0.163060
1511 0.596760 0.281150 -0.163060
1512 0.597290 0.748620 -0.159560
1513 0.597640 0.281150 -0.205570
1514 0.597640 0.392770 -0.219910
1515 0.599210 0.268030 -0.180550
1516 0.599210 0.281150 -0.180550
1517 0.599560 0.294270 -0.218510
1518 0.599560 0.299520 -0.218510
1519 0.599560 0.391540 -0.218510
1520 0.599560 0.405010 -0.218510
1521 0.599730 0.281150 -0.145380
1522 0.599910 0.268030 -0.167950
1523 0.599910 0.281150 -0.167950
1524 0.600080 0.299340 -0.216770
1525 0.600780 0.746690 -0.139440
1526 0.601310 0.298820 -0.212570
1527 0.601310 0.411490 -0.232340
1528 0.601310 0.743900 -0.232340
1529 0.601480 0.300390 -0.129290
1530 0.602010 0.300570 -0.128760
1531 0.602710 0.392940 -0.208190
1532 0.602880 0.294270 -0.127890
1533 0.602880 0.300920 -0.127890
1534 0.602880 0.390140 -0.127890
1535 0.602880 0.405010 -0.127890
1536 0.603580 0.390840 -0.129460
1537 0.603930 0.747740 -0.160610
1538 0.604110 0.391190 -0.130160
1539 0.604460 0.528700 -0.222190
1540 0.604460 0.638220 -0.222190
1541 0.604460 0.675660 -0.222190
1542 0.605160 0.281150 -0.181600
1543 0.606030 0.411490 -0.110390
1544 0.606030 0.743900 -0.110390
1545 0.606210 0.281150 -0.156580
1546 0.606730 0.528700 -0.214670
1547 0.606730 0.528700 -0.215190
1548 0.606730 0.675660 -0.214670
1549 0.607260 0.296370 -0.194200
1550 0.607260 0.303190 -0.194020
1551 0.607260 0.340980 -0.194020
1552 0.607260 0.369500 -0.194020
1553 0.607260 0.394870 -0.194200
1554 0.608660 0.295840 -0.138390
1555 0.608660 0.395220 -0.138390
1556 0.610760 0.294270 -0.182650
1557 0.610760 0.405010 -0.182650
1558 0.611460 0.296370 -0.170400
1559 0.611460 0.303190 -0.170050
1560 0.611460 0.331010 -0.170050
1561 0.611460 0.340810 -0.170050
1562 0.611460 0.394870 -0.170400
1563 0.611980 0.299170 -0.144160
1564 0.611980 0.745470 -0.162180
1565 0.612160 0.298120 -0.154830
1566 0.612160 0.392070 -0.149410
1567 0.612160 0.392240 -0.150460
1568 0.612330 0.294270 -0.145040
1569 0.612330 0.299520 -0.145040
1570 0.612330 0.391540 -0.145040
1571 0.612330 0.405010 -0.145040
1572 0.613560 0.675660 -0.193670
1573 0.614260 0.745120 -0.141710
1574 0.614430 0.528700 -0.190700
1575 0.614430 0.557400 -0.190700
1576 0.614430 0.675660 -0.190700
1577 0.616710 0.411490 -0.183700
1578 0.616710 0.743900 -0.183700
1579 0.617060 0.528700 -0.174950
1580 0.617060 0.646620 -0.174950
1581 0.617060 0.675660 -0.174950
1582 0.617410 0.528700 -0.166030
1583 0.617410 0.528700 -0.167950
1584 0.617410 0.675660 -0.167950
1585 0.617580 0.701380 -0.159910
1586 0.617580 0.701380 -0.163060
1587 0.617580 0.743900 -0.163060
1588 0.617750 0.701380 -0.159210
1589 0.617930 0.701380 -0.154830
1590 0.618280 0.528700 -0.141710
1591 0.618280 0.566840 -0.141710
1592 0.618280 0.675660 -0.141710
1593 0.618280 0.675660 -0.143810
1594 0.618280 0.701380 -0.142410
1595 0.618280 0.712930 -0.142410
1596 0.618280 0.725880 -0.142410
1597 0.618280 0.729020 -0.142410
1598 0.618280 0.743900 -0.142410
1599 0.618800 0.411490 -0.133490
1600 0.618800 0.743900 -0.133490
1601 0.619850 0.311060 -0.112320
1602 0.619850 0.380000 -0.112320
1603 0.620200 0.311060 -0.196120
1604 0.620200 0.380000 -0.196120
1605 0.624230 0.311060 -0.172330
1606 0.624230 0.380000 -0.172330
1607 0.626330 0.701380 -0.164630
1608 0.626330 0.760170 -0.164630
1609 0.629830 0.701380 -0.144510
1610 0.629830 0.760170 -0.144510
1375 1380 1376
1372 1380 1375
1372 1363 1380
1365 1372 1373
1365 1363 1372
1375 1373 1372
1375 1376 1373
1386 1454 1387
1385 1454 1386
1385 1380 1454
1380 1385 1376
1386 1376 1385
1386 1373 1376
1386 1374 1373
1386 1387 1374
1373 1374 1365
1365 1374 1371
1374 1387 1384
1374 1384 1371
1387 1454 1475
1387 1475 1384
1365 1371 1369
1371 1384 1382
1371 1382 1369
1384 1475 1414
1384 1414 1382
1365 1368 1367
1368 1379 1378
1368 1378 1367
1379 1390 1383
1379 1383 1378
1366 1377 1383
1366 1383 1362
1365 1367 1366
1365 1366 1362
1377 1366 1367
1367 1378 1377
1365 1369 1368
1369 1382 1381
1369 1381 1379
1369 1379 1368
1381 1382 1414
1414 1390 1379
1414 1379 1381
1269 1352 1303
1323 1269 1260
1323 1352 1269
1303 1353 1304
1303 1352 1353
1304 1353 1319
1319 1354 1321
1319 1353 1354
1351 1344 1358
1351 1358 1359
1362 1361 1351
1362 1351 1359
1358 1344 1330
1358 1330 1357
1357 1330 1314
1357 1314 1356
1364 1354 1363
1364 1360 1354
1360 1321 1354
1363 1365 1364
1499 1380 1498
1499 1454 1380
1499 1498 1468
1499 1468 1489
1489 1468 1413
1489 1413 1475
1475 1413 1414
1414 1413 1370
1414 1370 1390
1390 1370 1361
1390 1361 1383
1383 1361 1362
1314 1313 1355
1314 1355 1356
1264 1355 1313
1313 1244 1264
1245 1313 1258
1258 1313 1323
1258 1323 1269
1244 1313 1245
1244 1245 1269
1244 1269 1264
1364 1304 1321
1364 1269 1303
1360 1364 1365
1319 1321 1365
1355 1264 1269
1356 1355 1269
1357 1356 1269
1358 1357 1269
1359 1358 1269
1362 1359 1269
1362 1269 1304
1362 1304 1319
1362 1319 1365
1333 1350 1323
1352 1323 1350
1333 1323 1332
1332 1323 1331
1331 1323 1314
1331 1314 1330
1344 1331 1330
1332 1350 1333
1352 1344 1351
1352 1331 1344
1352 1332 1331
1352 1350 1332
1353 1380 1354
1468 1370 1413
1361 1352 1351
1361 1353 1352
1361 1380 1353
1380 1468 1498
1380 1370 1468
1380 1361 1370
1313 1314 1323
1354 1380 1363
1269 1323 1260
1245 1258 1269
1364 1303 1304
1321 1360 1365
1304 1269 1303
1454 1489 1475
1377 1378 1383
572 574 564
573 572 564
567 571 573
567 573 564
573 571 582
582 581 574
582 574 572
582 572 573
582 624 581
564 574 575
574 581 579
574 579 575
581 624 650
581 650 579
580 579 650
580 650 583
578 580 583
564 575 578
564 578 583
578 575 579
579 580 578
577 576 561
577 561 650
650 624 577
569 571 567
569 567 561
561 576 570
561 570 569
570 576 582
582 571 569
582 569 570
577 624 582
554 558 562
554 551 558
558 523 557
558 551 523
553 510 504
553 504 503
553 503 552
552 503 430
552 430 525
564 565 567
583 650 686
583 686 685
685 686 650
685 614 607
685 607 631
631 607 595
631 595 594
594 595 566
594 566 563
594 563 568
568 563 561
568 561 560
559 527 560
560 561 559
560 527 515
560 515 555
556 518 485
485 518 441
557 518 556
557 523 518
518 438 441
518 525 438
438 525 437
437 525 430
564 562 565
564 554 562
555 515 510
555 510 553
485 562 556
558 557 438
437 430 503
527 559 567
515 527 567
510 515 567
504 510 567
565 562 438
565 438 437
565 437 504
565 504 567
561 563 614
561 614 650
561 567 559
531 523 551
552 525 550
550 525 528
531 530 523
525 529 528
525 523 529
529 523 530
550 528 529
552 550 529
530 531 551
553 552 530
553 530 551
553 551 554
553 554 555
631 594 568
560 555 554
560 554 564
564 583 631
564 631 568
564 568 560
525 518 523
552 529 530
583 685 631
685 650 614
556 562 557
485 441 438
556 485 438
557 556 438
562 558 438
504 437 503
563 607 614
576 577 582
625 615 619
625 633 615
626 633 625
627 633 626
628 633 627
628 634 633
630 634 628
621 634 630
618 621 617
618 634 621
616 620 615
629 618 617
639 664 659
639 615 664
639 616 615
640 618 629
667 640 666
667 618 640
665 663 664
667 666 669
667 669 672
696 665 664
696 664 713
713 710 696
697 715 716
667 672 697
667 697 716
710 713 714
716 715 720
746 727 713
746 713 750
750 744 743
750 743 746
747 745 750
747 750 751
723 747 751
716 720 723
716 723 751
620 584 619
616 584 620
616 587 584
616 639 587
625 619 584
626 625 584
626 585 627
626 584 585
628 585 630
627 585 628
617 589 629
621 589 617
585 621 630
585 589 621
665 587 663
665 702 587
665 696 702
639 659 587
666 640 589
666 589 703
703 669 666
714 727 702
710 714 702
702 696 710
672 669 703
703 697 672
715 697 703
798 723 720
798 720 715
798 715 703
746 797 702
746 702 727
746 743 797
744 797 743
798 744 745
798 797 744
798 747 723
747 798 745
753 756 751
752 753 751
755 752 750
750 762 755
757 759 765
757 765 751
751 756 757
761 762 763
765 764 754
748 763 762
748 762 728
733 748 728
728 732 733
749 730 731
765 754 749
765 749 731
732 728 729
722 731 724
699 728 679
699 729 728
700 731 722
682 700 681
682 731 700
674 682 681
642 633 643
668 680 642
673 682 674
646 682 673
646 634 682
634 644 633
634 645 644
634 646 645
763 748 799
761 763 799
799 801 760
799 760 761
760 801 755
755 801 752
801 802 753
801 753 752
756 753 802
802 757 756
764 759 800
800 749 754
800 754 764
800 759 757
800 757 802
729 799 732
729 694 799
729 699 694
748 733 799
730 749 800
730 800 695
695 724 730
687 694 699
680 694 679
680 668 694
722 724 695
695 700 722
674 588 673
681 588 674
681 695 588
695 681 700
668 586 694
668 642 586
643 586 642
644 645 588
586 643 644
586 644 588
673 588 646
588 645 646
791 792 786
791 786 790
790 796 791
780 779 774
780 774 778
778 786 779
778 779 780
782 783 774
774 781 782
787 779 786
786 792 787
793 796 794
654 623 641
654 653 623
654 671 653
655 671 654
671 655 656
623 638 641
623 613 638
656 657 671
635 608 636
635 613 608
637 613 635
638 613 637
657 658 671
701 774 783
701 783 734
772 794 796
796 768 772
701 734 708
768 796 741
768 741 721
701 708 691
721 741 671
721 671 678
652 636 608
701 691 652
701 652 608
678 671 658
793 805 791
794 805 793
794 806 805
772 806 794
655 654 609
792 805 787
791 805 792
641 609 654
638 609 641
638 590 609
638 637 590
636 652 591
591 590 635
591 635 636
780 803 781
779 803 780
787 803 779
787 805 803
637 635 590
783 782 803
783 803 804
734 783 804
708 734 804
691 708 804
591 652 691
591 691 804
768 806 772
721 806 768
678 806 721
658 806 678
658 610 806
656 610 657
610 655 609
610 656 655
600 592 599
602 592 600
602 606 592
603 606 602
604 606 603
604 608 606
605 608 604
603 605 604
600 603 602
600 605 603
600 599 605
601 608 605
598 608 601
598 593 608
597 593 598
596 593 597
596 592 593
592 596 599
597 599 596
601 597 598
601 599 597
601 605 599
737 738 726
736 737 726
735 736 726
735 726 725
725 773 758
725 758 735
736 735 758
758 738 737
758 737 736
766 758 773
769 766 773
770 769 773
771 770 773
771 773 774
767 771 774
726 738 767
726 767 774
766 769 770
767 738 758
758 766 770
758 770 771
758 771 767
777 778 774
776 777 774
775 776 774
775 774 773
773 795 785
773 785 775
776 775 785
785 778 777
785 777 776
784 785 795
788 784 795
789 788 795
790 789 795
790 795 796
784 788 789
786 778 785
785 784 789
785 789 790
785 790 786
660 606 632
660 670 606
661 670 660
662 670 661
662 671 670
653 671 662
661 653 662
660 653 661
660 632 653
612 608 613
611 608 612
611 606 608
622 606 611
606 622 632
612 622 611
623 612 613
623 622 612
623 632 622
623 653 632
701 608 593
606 634 618
606 618 592
633 651 647
633 647 615
651 684 676
651 676 647
684 683 675
684 675 676
683 698 675
701 593 649
593 592 648
593 648 649
592 618 667
592 667 648
615 647 677
615 677 664
647 676 690
647 690 677
676 675 689
676 689 690
675 698 689
701 649 726
649 648 725
649 725 726
648 667 716
648 716 725
664 677 709
664 709 713
677 690 705
677 705 709
690 689 704
690 704 705
689 698 704
701 726 774
725 716 751
725 751 773
713 709 739
713 739 750
709 705 712
709 712 739
705 704 711
705 711 712
704 698 711
773 751 765
773 765 795
750 739 742
750 742 762
739 712 719
739 719 742
712 711 718
712 718 719
711 698 718
796 795 740
796 740 741
795 765 731
795 731 740
762 742 717
762 717 728
742 719 707
742 707 717
719 718 706
719 706 707
718 698 706
741 740 670
741 670 671
740 731 682
740 682 670
728 717 688
728 688 679
717 707 693
717 693 688
707 706 692
707 692 693
706 698 692
670 682 634
670 634 606
679 688 651
679 651 633
688 693 684
688 684 651
693 692 683
693 683 684
692 698 683
610 609 590
610 590 591
804 803 805
804 805 806
806 610 591
806 591 804
791 796 793
779 781 774
781 803 782
657 610 658
586 588 695
586 695 694
694 695 800
694 800 799
799 800 802
799 802 801
752 751 750
760 762 761
755 762 760
759 764 765
724 731 730
643 633 644
680 679 633
642 680 633
732 799 733
679 694 687
797 798 703
797 703 702
702 703 589
702 589 587
587 589 585
587 585 584
619 615 620
659 664 663
727 714 713
745 744 750
629 589 640
663 587 659
431 423 473
432 473 474
431 473 432
475 432 474
358 445 357
359 445 358
359 387 445
306 387 359
1174 357 1173
358 306 359
358 1175 306
358 1174 1175
358 357 1174
1174 1256 1175
1174 1173 1256
280 387 306
1176 387 280
1176 1203 387
1203 1175 1256
1203 1176 1175
280 1175 1176
280 306 1175
360 357 445
361 360 445
361 445 848
1128 361 848
1177 1128 848
1177 848 1256
1256 1173 1177
360 361 1128
1173 357 360
1173 360 1128
1173 1128 1177
1123 1171 1167
1123 849 1171
1193 1203 1199
1193 1171 1203
1167 1171 1193
1235 1256 1253
1235 1203 1256
1199 1203 1235
1182 1253 1256
1256 848 1122
1256 1122 1182
312 849 1123
1122 848 311
350 312 353
350 849 312
369 387 367
369 390 387
353 387 350
353 367 387
403 445 387
403 387 390
311 848 445
311 445 449
1123 1167 1193
312 1123 1193
367 353 312
367 312 1193
367 1193 1199
367 1199 1235
367 1235 1253
367 1253 1182
367 1182 369
311 449 403
1122 311 403
1122 403 390
1122 390 369
1122 369 1182
849 350 1171
350 387 1203
350 1203 1171
1226 1231 1225
1226 1219 1220
1226 1225 1219
1225 1274 1224
1225 1231 1274
1225 1224 1219
1239 1248 1249
1248 1293 1257
1248 1257 1249
1239 1249 1250
1239 1250 1240
1249 1257 1250
1250 1257 1243
1250 1198 1240
1250 1243 1198
1226 1220 1227
1226 1285 1231
1226 1227 1285
1227 1220 1228
1227 1295 1285
1227 1228 1295
1228 1220 1232
1228 1259 1295
1228 1232 1259
1233 1198 1243
1233 1220 1198
1233 1243 1257
1223 1272 1222
1223 1273 1272
1222 1219 1223
1222 1271 1219
1222 1272 1271
1292 1247 1246
1292 1246 1291
1246 1247 1239
1239 1290 1291
1239 1291 1246
1224 1273 1223
1224 1274 1273
1224 1223 1219
1239 1247 1248
1247 1292 1293
1247 1293 1248
1291 1290 1289
1291 1275 1292
1291 1289 1275
1289 1290 1288
1289 1274 1275
1289 1288 1274
1288 1290 1287
1288 1273 1274
1288 1287 1273
1287 1271 1272
1287 1290 1271
1287 1272 1273
1232 1220 1233
1232 1257 1259
1232 1233 1257
1293 1294 1259
1293 1259 1257
1276 1275 1238
1237 1274 1231
1238 1274 1237
1238 1275 1274
1259 1294 1295
1276 1293 1275
1276 1278 1293
1278 1294 1293
1278 1279 1294
1210 1204 1205
1210 1219 1204
1220 1219 1210
1180 1165 1168
1180 1204 1165
1205 1204 1180
1165 1195 1198
1165 1198 1190
1165 1190 1168
1195 1229 1230
1195 1230 1221
1195 1221 1198
1229 1254 1255
1229 1255 1252
1229 1252 1230
1241 1239 1240
1241 1254 1239
1255 1254 1241
1285 1294 1279
1285 1295 1294
1240 1252 1241
1240 1230 1252
1240 1221 1230
1240 1198 1221
1190 1180 1168
1231 1285 1237
1210 1198 1220
1198 1180 1190
1198 1205 1180
1198 1210 1205
1238 1278 1276
1267 1263 1204
1271 1204 1219
1271 1267 1204
1262 1261 1165
1263 1165 1204
1263 1262 1165
1284 1195 1277
1277 1195 1165
1277 1165 1261
1299 1229 1296
1296 1229 1195
1296 1195 1284
1301 1254 1300
1300 1254 1229
1300 1229 1299
1297 1290 1239
1301 1239 1254
1301 1297 1239
1267 1262 1263
1271 1262 1267
1271 1261 1262
1271 1277 1261
1296 1300 1299
1292 1275 1293
1290 1277 1271
1277 1296 1284
1277 1300 1296
1277 1301 1300
1277 1297 1301
1277 1290 1297
1241 1252 1255
1278 1237 1279
1279 1237 1285
454 460 453
454 444 446
454 453 444
453 494 452
453 460 494
453 452 444
419 423 424
423 431 424
419 424 425
419 425 420
424 431 425
425 431 427
425 396 420
425 427 396
454 446 448
454 481 460
454 448 481
448 446 447
448 475 481
448 447 475
447 446 443
447 432 475
447 443 432
440 396 427
440 446 396
440 427 431
451 492 450
451 493 492
450 444 451
450 491 444
450 492 491
472 422 421
472 421 471
421 422 419
419 470 471
419 471 421
452 493 451
452 494 493
452 451 444
419 422 423
422 472 473
422 473 423
471 470 476
471 495 472
471 476 495
476 470 478
476 494 495
476 478 494
478 470 479
478 493 494
478 479 493
479 491 492
479 470 491
479 492 493
443 446 440
443 431 432
443 440 431
496 495 468
467 494 460
468 494 467
468 495 494
496 473 495
496 488 473
488 474 473
488 487 474
457 458 459
457 444 458
446 444 457
435 428 429
435 458 428
459 458 435
428 392 396
428 396 409
428 409 429
392 371 373
392 373 377
392 377 396
371 402 404
371 404 398
371 398 373
418 419 420
418 402 419
404 402 418
481 474 487
481 475 474
420 398 418
420 373 398
420 377 373
420 396 377
409 435 429
460 481 467
457 396 446
396 435 409
396 459 435
396 457 459
468 488 496
497 500 458
491 458 444
491 497 458
499 498 428
500 428 458
500 499 428
486 392 489
489 392 428
489 428 498
461 371 469
469 371 392
469 392 486
463 402 462
462 402 371
462 371 461
466 470 419
463 419 402
463 466 419
497 499 500
491 499 497
491 498 499
491 489 498
469 462 461
472 495 473
470 489 491
489 469 486
489 462 469
489 463 462
489 466 463
489 470 466
418 398 404
488 467 487
487 467 481
1307 1336 1335
1307 1335 1334
1307 1334 1312
535 506 533
502 506 535
537 507 477
537 477 536
536 477 502
536 502 535
477 1312 1334
477 1334 1329
477 1329 1322
477 1322 1320
477 1320 1318
477 1318 502
521 533 506
516 521 506
506 482 516
436 482 506
414 436 506
506 343 414
343 506 212
47 212 506
884 47 506
506 951 884
951 506 1153
1153 506 502
1153 502 1170
1216 1170 502
1234 1216 502
502 1318 1317
502 1317 1234
1343 1338 1310
1310 1348 1343
1310 1338 1336
1310 1336 1307
546 547 507
540 546 507
507 537 540
507 547 548
507 548 514
1348 865 1345
1348 1310 865
545 514 548
865 545 541
865 514 545
1013 865 864
1215 865 1013
1266 865 1215
1316 865 1266
1326 865 1316
1342 865 1326
1342 1345 865
534 865 541
520 865 534
434 865 512
46 865 366
46 864 865
543 539 513
513 549 543
505 539 538
505 513 539
526 505 538
524 505 526
465 524 522
465 505 524
517 465 522
455 465 480
329 455 439
329 465 455
426 329 439
213 329 426
40 329 213
21 329 40
869 21 874
869 329 21
1200 869 1141
1242 869 1200
1152 1242 1265
1152 869 1242
1302 1152 1265
1311 1152 1302
1324 1152 1311
1280 1324 1325
1280 1152 1324
1328 1280 1325
1337 1280 1328
1339 1280 1337
1308 1339 1340
1308 1280 1339
1347 1308 1340
1309 1347 1349
1309 1308 1347
544 549 513
513 862 542
513 542 544
1309 1349 1346
1309 1346 862
532 542 862
519 532 862
511 519 862
433 511 862
347 433 862
45 347 862
862 861 45
1212 1028 862
1315 1270 862
1341 1327 862
862 1346 1341
1337 1327 1341
1337 1328 1327
1322 1326 1320
1329 1326 1322
1342 1338 1343
1342 1336 1338
1342 1335 1336
1342 1334 1335
1342 1329 1334
1342 1326 1329
517 532 519
517 526 532
517 524 526
517 522 524
520 533 521
520 535 533
520 540 535
520 534 540
1324 1328 1325
1328 1315 1327
1328 1311 1315
1328 1324 1311
1318 1316 1317
1326 1318 1320
1326 1316 1318
426 511 433
426 480 511
426 455 480
426 439 455
482 512 516
434 482 436
434 512 482
480 519 511
480 517 519
512 521 516
512 520 521
40 347 45
40 213 347
343 366 414
212 366 343
46 212 47
46 366 212
213 433 347
213 426 433
366 436 414
366 434 436
1200 1028 1212
1200 1141 1028
951 1013 884
1153 1013 951
1170 1013 1153
1215 1170 1216
1215 1013 1170
1141 861 1028
1141 45 861
1141 40 45
1141 21 40
1141 874 21
864 884 1013
884 46 47
884 864 46
1311 1270 1315
1311 1302 1270
1316 1234 1317
1316 1266 1234
1242 1302 1265
1302 1212 1270
1302 1200 1212
1302 1242 1200
1266 1216 1234
1266 1215 1216
1345 1343 1348
1343 1345 1342
1346 1337 1341
1337 1347 1339
1337 1349 1347
1337 1346 1349
542 543 544
539 526 538
526 542 532
526 543 542
526 539 543
541 540 534
540 545 546
540 541 545
543 549 544
547 545 548
545 547 546
865 1307 1283
865 1283 1268
1307 1312 1283
865 1268 1119
865 1119 852
865 852 292
865 292 464
865 464 477
865 477 507
1268 1283 1312
1119 1268 1312
852 1119 1312
292 852 1312
464 292 1312
477 464 1312
865 1310 1307
865 507 514
862 513 505
862 505 465
862 465 329
862 329 869
862 869 1152
862 1152 1280
862 1280 1308
862 1308 1309
512 865 520
366 865 434
480 465 517
1141 869 874
1028 861 862
1270 1212 862
1327 1315 862
536 540 537
535 540 536
1339 1347 1340
973 976 940
973 978 976
941 973 940
926 927 898
926 898 890
926 890 889
930 940 854
930 941 940
855 930 854
889 890 851
889 851 844
889 844 843
847 854 67
847 855 854
68 847 67
843 844 34
843 34 38
843 38 37
68 67 140
68 140 71
71 140 98
56 37 38
89 37 56
93 89 94
93 37 89
142 140 138
142 138 141
141 138 139
92 93 94
90 92 91
90 93 92
139 138 64
139 64 130
130 64 65
44 90 91
35 44 36
35 90 44
65 64 857
65 857 39
39 857 859
830 35 36
845 830 846
845 35 830
859 857 944
859 944 870
870 944 928
881 845 846
895 885 896
895 881 885
895 845 881
948 944 976
948 945 944
978 948 976
895 896 925
895 925 927
895 927 926
38 98 56
844 98 34
844 71 98
844 68 71
844 847 68
890 847 851
890 855 847
890 930 855
927 930 898
927 941 930
927 973 941
896 973 925
896 978 973
896 948 978
928 896 885
928 948 896
928 945 948
881 928 885
846 928 881
846 870 928
830 870 846
36 870 830
36 859 870
36 39 859
91 39 44
91 65 39
91 130 65
94 130 92
94 139 130
94 141 139
98 89 56
98 94 89
98 141 94
98 142 141
976 926 889
976 889 940
940 889 843
940 843 854
854 843 37
854 37 67
67 37 93
67 93 140
140 93 90
140 90 138
138 90 35
138 35 64
64 35 845
64 845 857
857 845 895
857 895 944
944 895 926
944 926 976
98 140 142
928 944 945
34 98 38
851 847 844
898 930 890
925 973 927
44 39 36
92 130 91
225 345 298
225 298 187
345 344 297
345 297 298
344 255 209
344 209 297
255 225 187
255 187 209
187 298 228
187 228 132
298 297 227
298 227 228
297 209 155
297 155 227
209 187 132
209 132 155
132 228 101
132 101 43
228 227 100
228 100 101
227 155 53
227 53 100
155 132 43
155 43 53
43 101 904
43 904 850
101 100 903
101 903 904
100 53 863
100 863 903
53 43 850
53 850 863
850 904 1037
850 1037 924
904 903 1036
904 1036 1037
903 863 955
903 955 1036
863 850 924
863 924 955
924 1037 1109
924 1109 994
1037 1036 1108
1037 1108 1109
1036 955 1011
1036 1011 1108
955 924 994
955 994 1011
994 1109 1145
994 1145 1023
1109 1108 1144
1109 1144 1145
1108 1011 1051
1108 1051 1144
1011 994 1023
1011 1023 1051
345 225 344
1145 1144 1023
344 225 255
1144 1051 1023
394 417 363
394 363 342
417 509 484
417 484 363
509 508 483
509 483 484
508 501 456
508 456 483
501 490 442
501 442 456
490 397 346
490 346 442
397 394 342
397 342 346
342 363 308
342 308 295
363 484 416
363 416 308
484 483 415
484 415 416
483 456 386
483 386 415
456 442 376
456 376 386
442 346 299
442 299 376
346 342 295
346 295 299
295 308 235
295 235 226
308 416 315
308 315 235
416 415 314
416 314 315
415 386 294
415 294 314
386 376 290
386 290 294
376 299 229
376 229 290
299 295 226
299 226 229
226 235 108
226 108 96
235 315 166
235 166 108
315 314 165
315 165 166
314 294 153
314 153 165
294 290 145
294 145 153
290 229 102
290 102 145
229 226 96
229 96 102
96 108 918
96 918 910
108 166 1000
108 1000 918
166 165 999
166 999 1000
165 153 984
165 984 999
153 145 977
153 977 984
145 102 911
145 911 977
102 96 910
102 910 911
910 918 1046
910 1046 1034
918 1000 1126
918 1126 1046
1000 999 1125
1000 1125 1126
999 984 1112
999 1112 1125
984 977 1106
984 1106 1112
977 911 1038
977 1038 1106
911 910 1034
911 1034 1038
1034 1046 1117
1034 1117 1107
1046 1126 1218
1046 1218 1117
1126 1125 1217
1126 1217 1218
1125 1112 1187
1125 1187 1217
1112 1106 1178
1112 1178 1187
1106 1038 1110
1106 1110 1178
1038 1034 1107
1038 1107 1110
1107 1117 1154
1107 1154 1142
1117 1218 1282
1117 1282 1154
1218 1217 1281
1218 1281 1282
1217 1187 1251
1217 1251 1281
1187 1178 1236
1187 1236 1251
1178 1110 1146
1178 1146 1236
1110 1107 1142
1110 1142 1146
1142 1154 1211
1142 1211 1188
1154 1282 1306
1154 1306 1211
1282 1281 1305
1282 1305 1306
1281 1251 1298
1281 1298 1305
1251 1236 1286
1251 1286 1298
1236 1146 1192
1236 1192 1286
1146 1142 1188
1146 1188 1192
490 501 397
1286 1192 1298
397 501 394
1192 1188 1298
417 394 509
1211 1306 1188
509 394 508
1306 1305 1188
508 394 501
1305 1298 1188
1026 979 1044
962 1026 1025
962 979 1026
975 962 1018
888 975 968
888 962 975
808 888 958
6 808 3
6 888 808
32 6 3
143 6 117
61 143 146
61 6 143
170 180 184
195 204 61
170 193 61
61 146 168
61 168 170
184 179 168
61 204 205
61 205 129
206 218 129
129 205 206
129 222 223
129 223 148
214 201 148
148 223 220
148 220 214
148 201 199
148 199 128
157 137 128
169 157 128
128 199 169
128 137 131
128 131 59
19 18 59
25 19 59
59 131 25
59 18 809
59 809 4
4 809 953
961 967 893
4 953 961
4 961 893
974 1017 893
893 967 974
893 1017 1021
893 1021 964
1030 964 1029
1040 964 1033
1042 964 1040
1022 1042 1040
1043 964 1042
979 1043 1044
979 964 1043
1025 1001 1018
1025 1027 1001
1044 1027 1026
1044 1056 1027
1043 1056 1044
1040 1056 1042
975 892 958
975 1001 892
975 1018 1001
1033 1056 1040
3 113 32
808 113 3
808 892 113
808 958 892
1030 1056 1031
146 203 168
146 178 203
143 178 146
143 117 178
1031 1056 1033
117 113 178
117 32 113
168 203 170
1030 1053 1056
1030 1029 1053
170 203 172
1029 1048 1053
1029 1022 1048
172 203 179
1021 1048 1022
1017 1048 1021
1017 997 1048
1017 974 997
180 203 183
809 988 953
809 842 988
18 842 809
18 19 842
183 203 184
19 810 842
19 25 810
184 203 193
131 810 25
131 147 810
137 147 131
137 157 147
193 203 195
157 158 147
157 169 158
205 203 206
195 203 204
199 158 169
199 219 158
201 219 199
201 214 219
179 203 180
967 997 974
967 988 997
967 961 988
223 231 220
223 247 231
218 247 222
218 203 247
206 203 218
214 231 219
214 220 231
5 979 962
5 962 888
5 888 6
5 6 61
5 61 129
5 129 148
5 148 128
5 128 59
5 59 4
5 4 893
5 893 964
5 964 979
1079 1067 1081
1079 1083 1067
1083 1079 1096
1087 1074 1090
1087 1067 1074
909 1007 913
909 892 1007
876 892 909
1 892 876
1 2 892
190 76 79
190 113 76
77 2 62
77 113 2
76 113 77
240 268 278
240 278 269
260 266 246
240 269 260
240 260 246
246 266 272
246 272 256
263 277 267
263 267 256
256 272 264
256 264 263
70 54 158
158 188 73
158 73 70
158 54 48
158 48 147
147 48 807
147 807 810
902 906 1012
902 1012 810
810 807 891
810 891 902
1078 1086 1095
1078 1053 1086
1084 1053 1078
1074 1084 1090
1074 1056 1084
1084 1053 1084
1084 1056 1053
1070 1069 832
1071 1070 832
1071 832 1083
1083 1096 1071
912 913 1007
912 1007 832
832 10 912
31 10 832
78 31 832
78 832 190
190 79 78
252 278 268
252 268 832
832 251 252
249 250 832
249 832 267
267 277 249
72 73 188
72 188 832
832 831 72
872 831 832
905 872 832
905 832 1012
1012 906 905
1068 1095 1086
1068 1086 832
832 1069 1068
1087 1207 1081
1090 1207 1087
1084 1084 1090
1084 1078 1207
1079 1207 1208
1079 1081 1207
1096 1073 1071
1096 1208 1073
1096 1079 1208
1 914 62
876 914 1
876 909 914
913 914 909
913 915 914
913 912 915
76 77 80
79 76 80
80 81 79
77 914 80
77 62 914
278 407 269
278 254 407
278 252 254
266 260 407
272 266 407
407 264 272
264 407 406
264 406 263
277 263 406
406 253 277
807 48 74
74 891 807
73 72 75
73 75 74
74 70 73
891 74 907
891 907 902
906 908 905
906 907 908
906 902 907
1095 1068 1072
1095 1072 1207
1207 1078 1095
1069 1070 1073
1073 1072 1068
1073 1068 1069
1073 1070 1071
10 31 81
81 915 912
81 912 10
81 31 78
251 254 252
250 254 251
250 253 254
249 253 250
831 75 72
872 75 831
872 908 75
905 908 872
1057 1067 1083
1027 1083 1007
1027 1057 1083
1001 1027 1007
892 1001 1007
178 113 190
178 190 268
178 268 203
211 268 240
256 267 247
247 267 231
231 267 188
231 188 219
219 188 158
810 1012 842
842 1012 988
997 1012 1086
997 988 1012
997 1086 1048
1053 1048 1086
113 892 2
1027 1067 1057
1056 1067 1027
1056 1074 1067
203 256 247
203 246 256
203 211 246
1083 832 1007
190 832 268
267 832 188
1012 832 1086
203 268 211
211 240 246
80 914 915
80 915 81
907 74 75
907 75 908
1208 1207 1072
1208 1072 1073
406 407 254
406 254 253
1081 1067 1087
62 2 1
250 251 832
1084 1207 1090
79 81 78
269 407 260
277 253 249
48 70 74
1018 962 1025
958 888 968
117 6 32
170 184 193
180 183 184
193 195 61
184 168 146
218 222 129
1022 964 1021
1029 964 1022
1031 964 1030
1033 964 1031
1022 1033 1031
1022 1040 1033
1026 1027 1025
1042 1056 1043
953 988 961
204 203 205
222 247 223
159 241 161
333 333 328
333 328 334
238 331 241
381 328 379
379 382 381
328 381 382
328 382 334
319 241 316
333 334 380
318 319 302
319 302 241
382 412 410
382 382 412
411 401 413
411 412 401
161 241 221
400 356 399
400 401 356
399 221 309
355 289 288
355 356 289
181 124 196
288 124 282
288 289 124
196 197 181
161 177 241
161 241 239
241 177 161
241 161 221
241 221 221
316 331 327
316 327 241
241 318 316
318 319 333
380 382 378
378 333 380
333 378 327
333 327 333
410 411 405
405 383 381
383 405 378
383 378 381
313 383 241
400 393 400
413 393 405
413 405 411
313 313 400
354 355 348
348 399 354
399 348 393
399 393 400
221 161 161
288 285 351
288 288 285
355 285 348
355 351 285
207 161 197
282 181 122
288 122 285
288 282 122
196 161 181
812 942 938
942 991 989
942 989 938
991 1061 1058
991 1058 989
1061 1138 1134
1061 1134 1058
1138 1183 1179
1138 1179 1134
1183 1214 1206
1183 1206 1179
1214 1202 1196
1214 1196 1206
1202 1159 1155
1202 1155 1196
1159 1104 1101
1159 1101 1155
1104 960 956
1104 956 1101
960 828 956
812 938 929
938 989 983
938 983 929
989 1058 1049
989 1049 983
1058 1134 1129
1058 1129 1049
1134 1179 1162
1134 1162 1129
1179 1206 1189
1179 1189 1162
1206 1196 1185
1206 1185 1189
1196 1155 1149
1196 1149 1185
1155 1101 1092
1155 1092 1149
1101 956 946
1101 946 1092
956 828 946
812 929 920
929 983 969
929 969 920
983 1049 1035
983 1035 969
1049 1129 1120
1049 1120 1035
1129 1162 1147
1129 1147 1120
1162 1189 1166
1162 1166 1147
1189 1185 1157
1189 1157 1166
1185 1149 1131
1185 1131 1157
1149 1092 1076
1149 1076 1131
1092 946 934
1092 934 1076
946 828 934
812 920 899
920 969 949
920 949 899
969 1035 1015
969 1015 949
1035 1120 1098
1035 1098 1015
1120 1147 1124
1120 1124 1098
1147 1166 1137
1147 1137 1124
1166 1157 1133
1166 1133 1137
1157 1131 1116
1157 1116 1133
1131 1076 1052
1131 1052 1116
1076 934 917
1076 917 1052
934 828 917
812 899 878
899 949 922
899 922 878
949 1015 996
949 996 922
1015 1098 1064
1015 1064 996
1098 1124 1097
1098 1097 1064
1124 1137 1114
1124 1114 1097
1137 1133 1111
1137 1111 1114
1133 1116 1088
1133 1088 1111
1116 1052 1020
1116 1020 1088
1052 917 886
1052 886 1020
917 828 886
812 878 868
878 922 880
878 880 868
922 996 954
922 954 880
996 1064 1014
996 1014 954
1064 1097 1045
1064 1045 1014
1097 1114 1060
1097 1060 1045
1114 1111 1054
1114 1054 1060
1111 1088 1032
1111 1032 1054
1088 1020 987
1088 987 1032
1020 886 873
1020 873 987
886 828 873
812 868 853
868 880 866
868 866 853
880 954 877
880 877 866
954 1014 943
954 943 877
1014 1045 972
1014 972 943
1045 1060 986
1045 986 972
1060 1054 982
1060 982 986
1054 1032 966
1054 966 982
1032 987 901
1032 901 966
987 873 858
987 858 901
873 828 858
812 853 811
853 866 814
853 814 811
866 877 7
866 7 814
877 943 11
877 11 7
943 972 12
943 12 11
972 986 16
972 16 12
986 982 17
986 17 16
982 966 15
982 15 17
966 901 9
966 9 15
901 858 827
901 827 9
858 828 827
812 811 23
811 814 27
811 27 23
814 7 52
814 52 27
7 11 120
7 120 52
11 12 150
11 150 120
12 16 164
12 164 150
16 17 162
16 162 164
17 15 134
17 134 162
15 9 83
15 83 134
9 827 24
9 24 83
827 828 24
812 23 29
23 27 51
23 51 29
27 52 123
27 123 51
52 120 198
52 198 123
120 150 232
120 232 198
150 164 245
150 245 232
164 162 243
164 243 245
162 134 216
162 216 243
134 83 163
134 163 216
83 24 33
83 33 163
24 828 33
812 29 50
29 51 88
29 88 50
51 123 171
51 171 88
123 198 248
123 248 171
198 232 283
198 283 248
232 245 300
232 300 283
245 243 293
245 293 300
243 216 271
243 271 293
216 163 202
216 202 271
163 33 57
163 57 202
33 828 57
812 50 66
50 88 118
50 118 66
88 171 194
88 194 118
171 248 287
171 287 194
248 283 320
248 320 287
283 300 335
283 335 320
300 293 326
300 326 335
293 271 304
293 304 326
271 202 237
271 237 304
202 57 85
202 85 237
57 828 85
812 66 86
66 118 135
66 135 86
118 194 217
118 217 135
194 287 307
194 307 217
287 320 339
287 339 307
320 335 374
320 374 339
335 326 364
335 364 374
326 304 324
326 324 364
304 237 259
304 259 324
237 85 105
237 105 259
85 828 105
812 86 99
86 135 152
86 152 99
135 217 233
135 233 152
217 307 322
217 322 233
307 339 370
307 370 322
339 374 389
339 389 370
374 364 385
374 385 389
364 324 341
364 341 385
324 259 275
324 275 341
259 105 116
259 116 275
105 828 116
812 99 106
99 152 159
99 159 106
152 233 238
152 238 159
233 322 328
233 328 238
322 370 379
322 379 328
370 389 408
370 408 379
389 385 395
389 395 408
385 341 349
385 349 395
341 275 286
341 286 349
275 116 121
275 121 286
116 828 121
812 106 111
106 159 161
106 161 111
159 238 241
379 408 412
379 412 382
408 395 401
408 401 412
395 349 356
395 356 401
349 286 289
349 289 356
286 121 124
286 124 289
121 828 124
1138 1061 1183
1183 1061 1214
1214 1061 1202
1061 991 1202
1202 991 1159
1159 991 1104
1104 991 960
942 812 991
111 161 812
991 812 960
161 124 812
960 812 828
124 828 812
812 111 107
111 161 160
111 160 107
161 239 160
241 327 239
124 828 122
812 107 95
107 160 149
107 149 95
160 239 230
160 230 149
239 327 321
239 321 230
327 378 365
327 365 321
378 405 388
378 388 365
405 393 384
405 384 388
393 348 340
393 340 384
348 285 274
348 274 340
285 122 114
285 114 274
122 828 114
812 95 87
95 149 133
95 133 87
149 230 215
149 215 133
230 321 305
230 305 215
321 365 337
321 337 305
365 388 372
365 372 337
388 384 352
388 352 372
384 340 323
384 323 352
340 274 258
340 258 323
274 114 97
274 97 258
114 828 97
812 87 63
87 133 115
87 115 63
133 215 191
133 191 115
215 305 281
215 281 191
305 337 317
305 317 281
337 372 330
337 330 317
372 352 325
372 325 330
352 323 301
352 301 325
323 258 234
323 234 301
258 97 82
258 82 234
97 828 82
812 63 41
63 115 84
63 84 41
115 191 167
115 167 84
191 281 244
191 244 167
281 317 279
281 279 244
317 330 296
317 296 279
330 325 291
330 291 296
325 301 270
325 270 291
301 234 200
301 200 270
234 82 55
234 55 200
82 828 55
812 41 28
41 84 49
41 49 28
84 167 119
84 119 49
167 244 192
167 192 119
244 279 224
244 224 192
279 296 242
279 242 224
296 291 236
296 236 242
291 270 210
291 210 236
270 200 156
270 156 210
200 55 30
200 30 156
55 828 30
812 28 20
28 49 26
28 26 20
49 119 42
49 42 26
119 192 112
119 112 42
192 224 136
192 136 112
224 242 154
224 154 136
242 236 151
242 151 154
236 210 127
236 127 151
210 156 69
210 69 127
156 30 22
156 22 69
30 828 22
812 20 813
20 26 815
20 815 813
26 42 816
26 816 815
42 112 835
42 835 816
112 136 837
112 837 835
136 154 838
136 838 837
154 151 839
154 839 838
151 127 836
151 836 839
127 69 834
127 834 836
69 22 829
69 829 834
22 828 829
812 813 856
813 815 867
813 867 856
815 816 883
815 883 867
816 835 952
816 952 883
835 837 981
835 981 952
837 838 995
837 995 981
838 839 992
838 992 995
839 836 970
839 970 992
836 834 916
836 916 970
834 829 860
834 860 916
829 828 860
812 856 871
856 867 882
856 882 871
867 883 959
867 959 882
883 952 1019
883 1019 959
952 981 1047
952 1047 1019
981 995 1065
981 1065 1047
995 992 1063
995 1063 1065
992 970 1039
992 1039 1063
970 916 993
970 993 1039
916 860 875
916 875 993
860 828 875
812 871 879
871 882 923
871 923 879
882 959 998
882 998 923
959 1019 1066
959 1066 998
1019 1047 1099
1019 1099 1066
1047 1065 1115
1047 1115 1099
1065 1063 1113
1065 1113 1115
1063 1039 1089
1063 1089 1113
1039 993 1024
1039 1024 1089
993 875 887
993 887 1024
875 828 887
812 879 900
879 923 950
879 950 900
923 998 1016
923 1016 950
998 1066 1103
998 1103 1016
1066 1099 1127
1066 1127 1103
1099 1115 1140
1099 1140 1127
1115 1113 1135
1115 1135 1140
1113 1089 1118
1113 1118 1135
1089 1024 1055
1089 1055 1118
1024 887 919
1024 919 1055
887 828 919
812 900 921
900 950 971
900 971 921
950 1016 1041
950 1041 971
1016 1103 1121
1016 1121 1041
1103 1127 1150
1103 1150 1121
1127 1140 1169
1127 1169 1150
1140 1135 1161
1140 1161 1169
1135 1118 1132
1135 1132 1161
1118 1055 1077
1118 1077 1132
1055 919 935
1055 935 1077
919 828 935
812 921 931
921 971 985
921 985 931
971 1041 1050
971 1050 985
1041 1121 1130
1041 1130 1050
1121 1150 1164
1121 1164 1130
1150 1169 1191
1150 1191 1164
1169 1161 1186
1169 1186 1191
1161 1132 1151
1161 1151 1186
1132 1077 1093
1132 1093 1151
1077 935 947
1077 947 1093
935 828 947
812 931 939
931 985 990
931 990 939
985 1050 1059
985 1059 990
1050 1130 1136
1050 1136 1059
1130 1164 1181
1130 1181 1136
1164 1191 1209
1164 1209 1181
1191 1186 1197
1191 1197 1209
1186 1151 1156
1186 1156 1197
1151 1093 1102
1151 1102 1156
1093 947 957
1093 957 1102
947 828 957
812 939 942
939 990 991
939 991 942
990 1059 1062
990 1062 991
1059 1136 1139
1059 1139 1062
1136 1181 1184
1136 1184 1139
1181 1209 1213
1181 1213 1184
1209 1197 1201
1209 1201 1213
1197 1156 1158
1197 1158 1201
1156 1102 1105
1156 1105 1158
1102 957 960
1102 960 1105
957 828 960
1139 1184 1062
1184 1213 1062
1213 1201 1062
1062 1201 991
1201 1158 991
1158 1105 991
1105 960 991
111 812 161
942 991 812
161 812 124
991 960 812
124 812 828
960 828 812
331 238 328
332 331 328
333 332 328
333 333 328
333 333 334
331 316 241
380 334 382
319 334 333
302 319 333
413 401 400
309 241 310
221 241 309
221 241 221
399 356 354
399 309 400
355 288 288
196 124 161
282 124 181
197 288 282
181 197 282
241 221 309
331 333 327
319 333 333
405 381 410
381 378 382
303 302 241
383 303 241
400 393 413
313 241 309
310 313 309
400 313 310
208 161 207
161 161 208
197 161 196
181 124 122
181 161 124
826 1100 1082
1100 1172 1143
1100 1143 1082
1172 1194 1160
1172 1160 1143
1194 825 1160
826 1082 1006
1082 1143 1075
1082 1075 1006
1143 1160 1091
1143 1091 1075
1160 825 1091
826 1006 8
1006 1075 14
1006 14 8
1075 1091 13
1075 13 14
1091 825 13
826 8 189
8 14 261
8 261 189
14 13 276
14 276 261
13 825 276
826 189 265
189 261 338
189 338 265
261 276 368
261 368 338
276 825 368
826 265 284
265 338 375
265 375 284
338 368 391
338 391 375
368 825 391
826 284 262
284 375 336
284 336 262
375 391 362
375 362 336
391 825 362
826 262 182
262 336 257
262 257 182
336 362 273
336 273 257
362 825 273
826 182 833
182 257 840
182 840 833
257 273 841
257 841 840
273 825 841
826 833 1010
833 840 1080
833 1080 1010
840 841 1094
840 1094 1080
841 825 1094
826 1010 1085
1010 1080 1148
1010 1148 1085
1080 1094 1163
1080 1163 1148
1094 825 1163
826 1085 1100
1085 1148 1172
1085 1172 1100
1148 1163 1194
1148 1194 1172
1163 825 1194
821 980 963
980 1009 1003
980 1003 963
1009 1008 1002
1009 1002 1003
1008 820 1002
821 963 894
963 1003 933
963 933 894
1003 1002 932
1003 932 933
1002 820 932
821 894 819
894 933 818
894 818 819
933 932 817
933 817 818
932 820 817
821 819 60
819 818 110
819 110 60
818 817 109
818 109 110
817 820 109
821 60 126
60 110 176
60 176 126
110 109 175
110 175 176
109 820 175
821 126 144
126 176 186
126 186 144
176 175 185
176 185 186
175 820 185
821 144 125
144 186 174
144 174 125
186 185 173
186 173 174
185 820 173
821 125 58
125 174 104
125 104 58
174 173 103
174 103 104
173 820 103
821 58 822
58 104 824
58 824 822
104 103 823
104 823 824
103 820 823
821 822 897
822 824 937
822 937 897
824 823 936
824 936 937
823 820 936
821 897 965
897 937 1005
897 1005 965
937 936 1004
937 1004 1005
936 820 1004
821 965 980
965 1005 1009
965 1009 980
1005 1004 1008
1005 1008 1009
1004 820 1008
1549 1517 1526
1549 1556 1517
1550 1556 1549
1551 1556 1550
1552 1556 1551
1552 1557 1556
1553 1557 1552
1531 1557 1553
1520 1531 1519
1520 1557 1531
1518 1524 1517
1514 1520 1519
1504 1464 1472
1504 1517 1464
1504 1518 1517
1505 1520 1514
1467 1505 1466
1467 1520 1505
1465 1470 1464
1467 1466 1463
1467 1463 1456
1439 1465 1464
1439 1464 1419
1419 1426 1439
1440 1421 1422
1467 1456 1440
1467 1440 1422
1426 1419 1420
1422 1421 1423
1427 1424 1419
1427 1419 1432
1432 1429 1428
1432 1428 1427
1431 1430 1432
1431 1432 1433
1425 1431 1433
1422 1423 1425
1422 1425 1433
1524 1603 1526
1518 1603 1524
1518 1508 1603
1518 1504 1508
1549 1526 1603
1550 1549 1603
1550 1604 1551
1550 1603 1604
1552 1604 1553
1551 1604 1552
1519 1509 1514
1531 1509 1519
1604 1531 1553
1604 1509 1531
1465 1508 1470
1465 1392 1508
1465 1439 1392
1504 1472 1508
1466 1505 1509
1466 1509 1394
1394 1463 1466
1420 1424 1392
1426 1420 1392
1392 1439 1426
1456 1463 1394
1394 1440 1456
1421 1440 1394
1389 1425 1423
1389 1423 1421
1389 1421 1394
1427 1388 1392
1427 1392 1424
1427 1428 1388
1429 1388 1428
1389 1429 1430
1389 1388 1429
1389 1431 1425
1431 1389 1430
1443 1444 1433
1442 1443 1433
1441 1442 1432
1432 1482 1441
1445 1469 1485
1445 1485 1433
1433 1444 1445
1477 1482 1483
1485 1484 1488
1501 1483 1482
1501 1482 1532
1529 1501 1532
1532 1530 1529
1502 1534 1535
1485 1488 1502
1485 1502 1535
1530 1532 1533
1538 1535 1536
1554 1532 1568
1554 1533 1532
1555 1535 1538
1571 1555 1570
1571 1535 1555
1566 1571 1570
1558 1556 1559
1565 1569 1558
1567 1571 1566
1562 1571 1567
1562 1557 1571
1557 1560 1556
1557 1561 1560
1557 1562 1561
1483 1501 1494
1477 1483 1494
1494 1391 1471
1494 1471 1477
1471 1391 1441
1441 1391 1442
1391 1393 1443
1391 1443 1442
1444 1443 1393
1393 1445 1444
1484 1469 1495
1495 1502 1488
1495 1488 1484
1495 1469 1445
1495 1445 1393
1533 1494 1530
1533 1601 1494
1533 1554 1601
1501 1529 1494
1534 1502 1495
1534 1495 1602
1602 1536 1534
1563 1601 1554
1569 1601 1568
1569 1565 1601
1538 1536 1602
1602 1555 1538
1566 1606 1567
1570 1606 1566
1570 1602 1606
1602 1570 1555
1565 1605 1601
1565 1558 1605
1559 1605 1558
1560 1561 1606
1605 1559 1560
1605 1560 1606
1567 1606 1562
1606 1561 1562
1460 1455 1448
1460 1448 1459
1459 1474 1460
1434 1438 1410
1434 1410 1418
1418 1448 1438
1418 1438 1434
1436 1437 1410
1410 1435 1436
1452 1438 1448
1448 1455 1452
1461 1474 1462
1594 1584 1589
1594 1593 1584
1594 1600 1593
1595 1600 1594
1600 1595 1596
1584 1588 1589
1584 1581 1588
1596 1597 1600
1586 1578 1587
1586 1581 1578
1585 1581 1586
1588 1581 1585
1597 1598 1600
1503 1410 1437
1503 1437 1493
1476 1462 1474
1474 1481 1476
1503 1493 1512
1481 1474 1544
1481 1544 1525
1503 1512 1537
1525 1544 1600
1525 1600 1573
1564 1587 1578
1503 1537 1564
1503 1564 1578
1573 1600 1598
1461 1411 1460
1462 1411 1461
1462 1412 1411
1476 1412 1462
1595 1594 1609
1455 1411 1452
1460 1411 1455
1589 1609 1594
1588 1609 1589
1588 1607 1609
1588 1585 1607
1587 1564 1608
1608 1607 1586
1608 1586 1587
1434 1395 1435
1438 1395 1434
1452 1395 1438
1452 1411 1395
1585 1586 1607
1437 1436 1395
1437 1395 1396
1493 1437 1396
1512 1493 1396
1537 1512 1396
1608 1564 1537
1608 1537 1396
1481 1412 1476
1525 1412 1481
1573 1412 1525
1598 1412 1573
1598 1610 1412
1596 1610 1597
1610 1595 1609
1610 1596 1595
1546 1527 1547
1574 1527 1546
1574 1577 1527
1575 1577 1574
1576 1577 1575
1576 1578 1577
1572 1578 1576
1575 1572 1576
1546 1575 1574
1546 1572 1575
1546 1547 1572
1548 1578 1572
1541 1578 1548
1541 1528 1578
1540 1528 1541
1539 1528 1540
1539 1527 1528
1527 1539 1547
1540 1547 1539
1548 1540 1541
1548 1547 1540
1548 1572 1547
1401 1402 1398
1400 1401 1398
1399 1400 1398
1399 1398 1397
1397 1409 1403
1397 1403 1399
1400 1399 1403
1403 1402 1401
1403 1401 1400
1404 1403 1409
1406 1404 1409
1407 1406 1409
1408 1407 1409
1408 1409 1410
1405 1408 1410
1398 1402 1405
1398 1405 1410
1404 1406 1407
1405 1402 1403
1403 1404 1407
1403 1407 1408
1403 1408 1405
1417 1418 1410
1416 1417 1410
1415 1416 1410
1415 1410 1409
1409 1473 1446
1409 1446 1415
1416 1415 1446
1446 1418 1417
1446 1417 1416
1447 1446 1473
1457 1447 1473
1458 1457 1473
1459 1458 1473
1459 1473 1474
1447 1457 1458
1448 1418 1446
1446 1447 1458
1446 1458 1459
1446 1459 1448
1590 1577 1582
1590 1599 1577
1591 1599 1590
1592 1599 1591
1592 1600 1599
1593 1600 1592
1591 1593 1592
1590 1593 1591
1590 1582 1593
1580 1578 1581
1579 1578 1580
1579 1577 1578
1583 1577 1579
1577 1583 1582
1580 1583 1579
1584 1580 1581
1584 1583 1580
1584 1582 1583
1584 1593 1582
1503 1578 1528
1577 1557 1520
1577 1520 1527
1556 1542 1513
1556 1513 1517
1542 1516 1507
1542 1507 1513
1516 1515 1506
1516 1506 1507
1515 1500 1506
1503 1528 1451
1528 1527 1450
1528 1450 1451
1527 1520 1467
1527 1467 1450
1517 1513 1480
1517 1480 1464
1513 1507 1492
1513 1492 1480
1507 1506 1491
1507 1491 1492
1506 1500 1491
1503 1451 1398
1451 1450 1397
1451 1397 1398
1450 1467 1422
1450 1422 1397
1464 1480 1449
1464 1449 1419
1480 1492 1479
1480 1479 1449
1492 1491 1478
1492 1478 1479
1491 1500 1478
1503 1398 1410
1397 1422 1433
1397 1433 1409
1419 1449 1453
1419 1453 1432
1449 1479 1487
1449 1487 1453
1479 1478 1486
1479 1486 1487
1478 1500 1486
1409 1433 1485
1409 1485 1473
1432 1453 1490
1432 1490 1482
1453 1487 1497
1453 1497 1490
1487 1486 1496
1487 1496 1497
1486 1500 1496
1474 1473 1543
1474 1543 1544
1473 1485 1535
1473 1535 1543
1482 1490 1521
1482 1521 1532
1490 1497 1511
1490 1511 1521
1497 1496 1510
1497 1510 1511
1496 1500 1510
1544 1543 1599
1544 1599 1600
1543 1535 1571
1543 1571 1599
1532 1521 1545
1532 1545 1568
1521 1511 1523
1521 1523 1545
1511 1510 1522
1511 1522 1523
1510 1500 1522
1599 1571 1557
1599 1557 1577
1568 1545 1542
1568 1542 1556
1545 1523 1516
1545 1516 1542
1523 1522 1515
1523 1515 1516
1522 1500 1515
1610 1609 1607
1610 1607 1608
1396 1395 1411
1396 1411 1412
1412 1610 1608
1412 1608 1396
1460 1474 1461
1438 1435 1410
1435 1395 1436
1597 1610 1598
1605 1606 1602
1605 1602 1601
1601 1602 1495
1601 1495 1494
1494 1495 1393
1494 1393 1391
1442 1433 1432
1471 1482 1477
1441 1482 1471
1469 1484 1485
1536 1535 1534
1559 1556 1560
1569 1568 1556
1558 1569 1556
1530 1494 1529
1568 1601 1563
1388 1389 1394
1388 1394 1392
1392 1394 1509
1392 1509 1508
1508 1509 1604
1508 1604 1603
1526 1517 1524
1472 1464 1470
1424 1420 1419
1430 1429 1432
1514 1509 1505
1470 1508 1472
